NUMBER 226
0	39	65	81	101	116	146	163	172	196	216	225	258	
1	41	87	99	133	141	181	201	254	269	289	298	341	
2	44	76	92	125	135	179	189	208	217	256	273	292	
3	46	80	107	125	144	161	179	198	217	228	254	278	296	330	
4	44	68	90	104	118	149	160	166	186	223	
5	54	68	85	104	116	135	150	176	
6	43	63	81	120	135	159	165	202	
7	51	67	95	103	118	126	
8	54	81	103	116	128	144	155	187	
9	63	79	99	122	143	164	
10	47	64	85	101	130	202	
11	44	73	92	102	115	167	
12	41	63	78	102	127	137	150	172	
13	42	56	68	101	115	125	
14	44	66	88	109	126	148	166	191	
15	41	68	82	108	118	137	146	170	
16	41	81	93	115	136	148	158	183	202	219	
17	50	72	86	109	133	152	165	190	216	264	
18	61	92	102	128	142	178	193	210	226	259	
19	58	74	91	100	114	133	152	188	
20	49	93	116	138	168	213	223	257	
21	48	78	115	157	173	183	198	226	
22	42	64	74	98	116	139	162	175	187	232	248	280	
23	37	61	83	105	114	165	175	198	215	251	268	301	
24	42	89	109	137	165	203	223	242	255	271	293	311	332	377	
25	44	90	113	139	156	185	206	238	
26	42	61	77	86	106	131	157	175	192	241	
27	34	53	76	125	148	203	222	259	
28	49	84	103	151	161	178	200	209	
29	47	76	91	144	177	211	222	290	
30	47	65	79	105	123	171	188	204	217	251	
31	48	92	108	123	
32	49	98	114	146	166	177	189	211	230	245	262	297	
33	42	75	91	99	113	168	
34	41	103	123	130	149	165	183	200	
35	49	74	101	109	128	144	167	205	224	254	267	311	
36	55	69	92	115	121	133	146	166	180	196	216	284	
37	48	90	113	121	137	158	181	219	231	249	259	275	283	304	
38	53	77	99	113	133	177	198	203	213	234	246	261	
39	65	83	103	118	130	151	168	188	204	221	247	312	
40	46	70	86	113	125	141	157	171	183	202	
41	49	78	86	103	118	164	179	199	
42	45	96	114	134	165	185	202	224	242	259	267	289	
43	35	64	77	97	117	133	149	159	175	190	209	278	
44	56	68	90	103	121	143	159	170	191	210	224	252	
45	55	76	97	134	159	171	175	240	254	270	282	299	
46	55	72	85	105	123	140	159	165	186	201	214	280	
47	50	76	89	113	125	155	175	219	235	242	264	277	
48	54	71	94	117	139	156	
49	51	63	77	98	122	140	159	179	
50	60	72	91	117	131	148	169	193	218	262	
51	46	66	78	94	108	120	144	160	
52	46	75	83	104	113	141	156	184	
53	51	83	100	161	170	182	200	233	
54	60	71	95	111	135	162	178	232	257	291	303	317	329	356	
55	59	77	92	100	134	146	168	192	210	248	270	296	
56	41	72	91	144	157	202	217	234	243	258	268	286	
57	62	82	95	116	131	153	170	222	
58	51	74	92	117	130	138	159	185	
59	61	114	131	183	192	236	252	265	281	304	320	338	355	378	
60	71	79	94	110	127	148	134	149	172	191	
61	48	59	78	93	113	140	153	175	192	213	225	257	
62	50	76	87	101	119	142	150	179	195	238	258	281	
63	54	84	95	125	142	153	176	201	
64	50	79	91	106	133	148	163	177	195	210	244	298	
65	63	78	95	110	126	147	162	199	216	270	292	323	
66	61	76	88	99	131	145	
67	52	72	81	105	123	137	168	179	
68	69	147	159	181	197	254	268	295	319	361	372	401	416	438	448	487	
69	51	59	78	91	104	128	158	170	192	199	213	226	
70	75	94	104	132	140	153	172	195	216	254	
71	55	72	107	148	173	189	202	246	262	304	
72	51	67	89	115	128	143	162	207	222	265	276	295	315	330	
73	55	62	73	102	114	153	172	185	202	237	
74	53	58	71	101	116	131	157	170	187	222	
75	51	74	87	98	124	193	213	293	
76	45	82	104	119	137	166	192	226	248	277	299	312	330	351	378	395	419	442	
77	35	77	109	115	139	162	177	208	237	290	308	325	355	371	392	410	430	474	498	510	
78	48	115	131	153	176	186	204	244	
79	44	64	83	104	114	144	167	201	215	233	
80	44	72	86	107	119	141	158	169	205	229	246	257	279	305	321	340	
81	41	64	80	96	118	143	160	174	200	223	253	269	286	323	
82	44	67	90	157	169	269	290	314	325	386	
83	57	73	95	104	121	138	149	178	190	215	
84	54	75	99	118	130	161	177	224	
85	47	81	107	188	200	248	264	273	287	328	
86	46	77	95	111	127	144	163	217	271	292	305	339	
87	47	97	119	137	150	181	206	229	244	283	
88	46	75	87	119	130	162	174	220	228	252	
89	45	63	79	132	159	194	213	229	250	274	288	309	
90	55	70	87	128	149	178	193	222	231	294	
91	45	78	92	107	126	182	200	209	227	256	281	324	336	374	
92	41	68	77	110	127	155	177	191	199	254	272	283	305	310	335	378	
93	55	72	85	99	118	133	156	220	
94	53	79	97	138	157	190	199	218	238	252	270	281	297	313	
95	55	71	88	122	145	163	179	235	254	290	
96	46	68	91	104	128	147	158	180	
97	46	64	78	95	131	148	167	204	
98	41	78	91	155	170	186	201	220	239	288	
99	57	67	74	96	110	127	143	161	179	192	208	226	243	290	308	337	
100	46	57	89	103	120	140	153	194	
101	55	74	94	119	151	170	187	204	227	242	
102	55	84	95	124	133	195	210	234	242	275	
103	48	104	129	165	186	213	231	259	277	307	316	364	
104	43	67	76	108	130	157	172	201	217	240	253	269	276	297	
105	63	95	106	178	191	215	228	245	260	295	315	332	354	401	417	433	449	466	
106	46	99	112	135	154	181	197	215	232	272	284	309	316	341	359	383	
107	46	70	89	172	184	208	225	257	268	331	338	364	
108	49	81	91	105	119	144	158	187	209	259	274	327	342	366	375	395	408	423	448	465	
109	55	77	88	114	127	160	170	203	224	277	
110	56	65	85	113	128	147	161	195	214	264	285	313	327	349	367	394	413	469	
111	47	66	78	105	120	177	188	226	245	267	281	301	310	337	351	386	
112	46	62	81	111	118	142	160	174	190	244	
113	49	69	82	123	136	161	180	211	
114	55	76	86	114	129	178	195	206	216	231	
115	42	101	112	135	149	173	192	227	235	262	281	286	295	326	
116	40	109	126	147	167	193	202	226	
117	50	79	93	129	158	202	210	229	251	296	
118	37	77	92	112	126	144	160	205	222	285	298	315	330	351	367	394	413	474	488	507	
119	50	76	93	114	129	181	193	210	227	242	263	275	299	315	
120	57	77	97	115	130	148	162	217	237	289	310	344	358	370	379	392	403	429	
121	39	51	64	79	
122	47	66	76	88	
123	45	71	84	100	
124	44	64	72	88	
125	47	70	77	91	
126	44	64	73	125	139	165	
127	45	102	116	139	152	164	171	199	
128	43	98	110	135	146	180	
129	48	70	84	117	
130	40	82	103	135	
131	62	73	89	130	143	158	169	182	
132	48	59	63	97	104	132	147	167	
133	56	77	91	106	118	131	137	172	
134	52	62	80	106	
135	49	63	75	89	103	142	
136	49	100	116	140	151	166	178	216	
137	45	66	81	93	105	119	
138	60	79	93	137	150	164	175	206	
139	40	64	73	105	
140	50	85	98	107	120	135	151	169	
141	46	71	89	109	126	143	
142	47	61	78	117	130	164	183	216	
143	56	84	102	120	135	143	150	186	
144	56	69	88	149	
145	55	98	112	127	144	184	198	235	
146	49	109	129	138	152	175	184	195	207	234	
147	43	74	88	103	115	127	146	166	
148	55	74	95	109	
149	49	65	78	127	
150	48	82	94	104	
151	45	69	86	110	120	157	172	184	195	238	
152	51	70	84	111	127	188	
153	51	80	86	132	153	177	
154	38	53	63	92	
155	56	74	92	110	121	136	163	214	223	241	257	288	
156	56	79	93	107	134	195	190	221	244	275	
157	40	73	91	140	151	175	193	227	
158	50	68	75	121	134	165	175	214	
159	46	82	95	166	179	193	211	228	238	265	
160	27	56	80	107	117	138	157	182	200	223	
161	43	72	90	117	135	157	166	189	198	237	
162	45	80	93	139	151	165	188	200	
163	50	91	114	169	193	211	235	251	258	325	341	350	361	378	
164	46	73	80	100	121	142	
165	40	75	95	104	127	147	
166	44	73	91	99	116	140	
167	36	70	96	136	160	177	193	260	287	293	313	325	
168	40	78	95	118	151	156	174	188	
169	48	73	101	137	155	170	188	199	
170	53	139	167	185	200	226	241	259	280	297	313	334	
171	44	80	96	135	164	208	217	231	248	255	
172	44	75	94	160	169	187	204	258	
173	67	74	84	104	115	149	164	205	
174	66	73	79	109	123	152	165	212	
175	40	77	92	158	185	223	240	261	276	286	
176	47	70	91	112	124	151	163	178	197	215	234	251	
177	55	73	95	110	131	139	153	171	184	221	
178	54	70	87	110	130	149	181	215	
179	44	63	88	97	
180	50	76	92	100	
181	59	94	118	128	
182	52	106	128	134	
183	42	107	133	136	
184	60	61	80	149	166	178	
185	38	71	79	92	116	122	
186	50	75	91	107	121	131	
187	60	70	89	105	126	134	
188	49	79	89	108	122	139	
189	52	76	89	104	118	134	
190	44	122	146	155	
191	51	136	152	163	
192	42	75	97	107	
193	55	91	110	121	
194	42	104	112	146	
195	47	98	117	162	177	207	223	276	298	335	
196	45	103	119	171	178	211	228	284	313	335	353	370	
197	47	104	119	167	177	197	214	268	300	331	
198	40	91	114	151	167	186	200	218	240	292	317	356	
199	31	46	66	77	101	119	132	153	172	228	244	276	
200	56	87	122	153	171	212	
201	54	61	76	98	111	141	161	203	
202	59	77	93	143	166	186	202	226	245	327	
203	48	62	84	134	152	163	177	191	213	243	
204	56	66	83	108	129	171	189	209	
205	51	59	82	101	119	138	155	182	199	248	
206	41	53	69	84	100	147	
207	52	118	128	155	169	200	
208	39	101	115	138	158	162	177	207	225	244	263	321	330	386	
209	49	54	73	103	118	140	151	209	219	266	282	294	324	338	359	383	405	438	470	487	507	520	543	571	602	683	704	733	756	776	801	856	876	915	
210	59	62	74	94	111	131	146	205	224	273	289	304	328	335	362	388	405	467	482	507	524	548	568	600	630	644	670	718	745	787	
211	48	54	74	98	116	173	180	225	237	248	268	296	310	333	351	364	380	395	422	496	520	559	590	595	610	621	
212	55	64	88	90	100	119	139	155	174	187	208	234	245	313	352	395	429	462	473	540	554	633	652	685	714	733	744	773	783	836	851	901	
213	56	71	86	104	132	141	176	180	198	231	250	268	294	350	367	421	440	467	494	527	541	586	611	649	662	699	
214	51	59	78	91	104	128	158	170	192	199	213	226	
215	51	60	72	86	103	115	133	147	169	202	217	283	292	375	389	414	432	480	
216	55	75	88	111	126	167	184	213	233	259	273	323	343	401	417	450	470	527	550	556	
217	61	70	84	112	129	146	173	188	204	258	268	306	312	381	395	415	436	457	478	497	
218	49	62	89	104	124	136	147	172	203	247	279	304	317	340	363	423	442	469	478	517	535	617	
219	51	59	78	91	104	128	158	170	192	199	213	226	
220	47	57	75	93	109	120	133	149	170	209	220	253	284	319	346	379	398	482	
221	33	76	91	105	139	175	189	236	249	308	326	358	
222	44	72	93	108	126	165	195	220	235	267	276	310	332	334	341	391	
223	45	125	145	156	171	188	200	215	229	251	269	279	296	308	325	379	394	438	
224	34	67	83	168	182	218	229	296	309	342	352	394	399	467	486	527	538	567	586	604	620	647	663	712	725	752	774	785	804	863	
225	56	138	158	192	204	237	255	267	283	330	349	408	416	456	466	493	510	531	549	572	578	610	628	657	668	697	716	735	752	783		