NUMBER	275
16 11 14 12 7 13 8 15 3 9
5 6 17 7 20 11 2 15 3 12 10
17 13 1 11 4 5 9 19 3 6
16 6 1 2 7 14 19 17 11 8
6 2 8 1 13 5 11 16 14
17 15 13 18 19 4 3 11 12 5
13 3 10 4 14 5 7 11 18 15
13 18 15 17 9 12 2 16 14
4 12 7 11 20 2 17 19 8 6 5
3 15 13 11 7 6 19 1 14 12
10 4 13 3 17 9 1 2 18
19 15 7 10 17 13 5 8 16 12 1
9 18 3 5 11 8 17 13
10 14 20 17 2 12 7 15 1 5 19
14 18 11 2 17 15 5 6 13 1
10 11 20 4 18 2 8 14 5 16
5 17 10 8 4 2 20 15 16 19
13 7 20 19 4 1 14 16 6 3
17 13 2 12 6 10 9 15 20 3
9 17 16 20 13 15 6 8 1 7
1 18 19 11 14 15 7 8
11 2 8 7 6 3 9 16 13 10
16 4 13 11 8 9 2 14 19 1
7 10 6 14 2 11 9 20 5 8
20 14 7 6 13 2 4 19 12 5
2 8 6 1 13 19 10 3 16
10 11 9 18 3 5 15 8 12 4
7 17 9 13 18 3 12 2 4
1 17 14 13 15 16 5 18 20 4 19
14 5 3 13 4 18 9 20 11 10 19
4 5 10 9 3 2 8 16 1 18 15
12 20 11 9 8 4 16 6 18 15
8 5 7 6 4 10 18 3 13 11
5 15 2 6 19 20 13 11 7 9
2 16 15 4 9 19 6 12 10
3 16 19 8 12 5 6 15 7
13 11 2 20 18 16 5 15 10 4
20 17 15 18 4 19 8 12 14 11
20 17 15 18 4 19 8 12 14 11
15 10 8 13 1 19 5 16 20
15 10 8 13 1 19 5 16 20
3 15 17 5 1 19 11 6 8 9
3 15 17 5 1 19 11 6 8 9
17 8 5 4 2 12 13 10 15 16
17 8 5 4 2 12 13 10 15 16
3 5 6 8 16 14 4 18 17
13 17 2 6 8 5 20 7 11 9 10 15
2 17 19 13 10 20 6 3 1 11
13 5 20 14 1 17 11 18 7
19 10 20 1 8 5 3 9 4 6
4 9 19 8 14 7 17 13 15 16 20
2 19 7 11 16 8 12 5 6 13
12 8 15 18 19 17 20 14 1
2 3 18 8 7 19 6 10 9 15
7 12 18 16 19 6 4 1 20 11 17
13 3 17 19 7 15 16 1 6 12 14
8 17 20 7 14 2 11 6 16 10 1
20 8 16 18 2 9 15 5 14 3
20 7 9 1 16 2 4 10 8 13
17 5 2 14 11 8 3 16 13 18
6 17 19 12 16 2 20 15 7 4
6 19 20 13 5 8 15 1 11 4 9
13 6 4 14 11 1 9 12 17 16
13 17 4 11 7 18 15 12 14 8
1 14 2 7 6 17 8 15 19
20 3 4 15 6 8 16 1 14 19 18
4 8 10 18 9 13 11 17 1 19
9 4 2 1 14 18 6 8 13 5
19 15 2 9 4 12 5 7 3 6 11
4 6 8 20 16 5 12 17 14
16 8 5 12 1 13 15 3 14 9
14 4 5 9 8 10 19 2 18 3 11
11 12 2 13 16 8 14 9 18 17
12 8 19 2 7 16 13 1 6 3
4 18 2 9 11 7 8 14 6 15
10 13 6 4 8 5 18 9 11
13 1 16 10 18 12 15 6 5 11
12 16 1 9 13 2 3 15 17 14
10 9 11 3 16 15 7 20 4
12 10 17 6 7 14 8 5 2 19
10 7 1 20 17 2 15 11 4 8
9 19 7 5 14 3 18 17 10 11
1 18 20 19 11 14 15 7 8
17 1 9 14 8 20 15 19 3 6
13 9 15 17 10 7 6 3 1 16
13 19 1 2 10 3 18 14 6 17
1 20 19 11 3 9 2 10 16 14
8 2 20 4 18 17 16 14 13 1
13 17 1 14 6 10 8 4 20 16
1 4 5 16 19 3 15 9 12 8
14 18 13 11 20 8 16 2 4
6 10 20 4 11 2 19 14 3
6 3 12 18 13 1 19 8 5 15
1 9 16 17 8 7 3 19 14
7 4 9 18 20 12 13 14 11 17
15 20 18 17 7 8 6 12 14 11
13 20 12 17 4 7 8 10 5 1
14 12 18 7 8 17 9 13 15 20
10 5 11 4 7 19 6 8 14 17
18 4 20 14 19 2 10 12 1
4 18 12 3 1 6 11 16 8 14 13
10 8 17 12 2 15 19 16 5 20
17 18 14 5 1 16 20 4 3 8
8 2 7 20 15 10 11 19 6 14 3
19 4 13 17 3 8 20 1 11 7 5
15 16 13 9 19 5 14 6 12 18
19 2 20 13 12 5 3 9 14
4 14 9 19 12 3 17 5 20 16
4 8 9 17 5 2 13 19 18
18 7 13 1 19 9 6 12 8 10 5
13 18 12 17 7 3 1 11 16 2
6 18 13 8 1 16 4 9 7 20
8 16 3 13 15 10 12 4 17 11
4 14 19 17 3 6 8 15 10 5
17 9 11 14 13 20 8 7 19 1 10
12 20 1 10 4 8 11 3 18 2
8 11 17 9 4 10 14 18 20 3
4 16 17 19 8 12 6 7 15 2
18 15 8 12 5 3 9 16 20 1
8 14 12 15 4 17 10 6 20 18 9
20 12 13 7 6 14 4 16 19 11 14 10
3 17 2 11 1 9 5 4 16 20 6
12 8 11 19 6 3 2 13 18
9 16 18 12 13 11 10 20 2 1 6
6 5 19 2 13 16 17 3 8 14
1 3 2 14 7 19 15 10 13 12
18 2 20 5 12 13 11 15 17
4 16 13 18 5 8 1 10 7 11
3 6 7 16 1 10 9 2 20 12
7 11 13 3 8 16 12 15 1 9
14 11 20 5 16 13 3 12 19 9
4 12 13 5 11 9 20 15 7
14 17 12 1 18 8 19 13 10 6
9 15 18 14 8 13 20 7 1 5
5 16 14 17 8 7 1 12 15
16 18 1 6 8 11 10 7 14 19 12
19 14 3 20 10 13 4 5 16 7 18
12 4 19 1 8 17 3 14
17 16 20 6 2 19 7 10 3 8
12 14 20 2 16 10 18 17 13 5
19 7 2 17 15 9 1 4 3 18 13
1 14 13 4 10 8 9 11 17
4 14 6 15 7 19 18 9 5 1
12 13 4 20 2 7 14 8 1 11 10
18 12 20 14 17 6 5 11 13
2 13 7 6 8 1 3 17 12
1 15 20 13 9 8 17 11 18 2
1 19 4 16 12 18 17 6 20 10 7
10 12 9 5 18 11 7 14 6 15
15 3 16 19 12 2 5 13 1 9 14
5 9 17 19 7 16 4 8 20 18
5 8 12 14 17 15 16 6 13 20
5 13 3 2 12 20 17 8 19
10 11 2 8 16 18 19 3 15 17
14 19 9 2 1 17 11 5 8 6
4 5 15 18 8 11 13 14 2 9 7
15 3 8 16 9 6 13 18 14
1 11 6 18 15 14 16 10 5 20
5 8 9 11 19 7 17 12 18
19 7 8 16 18 5 11 12 10 4 17
12 5 17 8 19 9 20 16 15 7
6 8 16 7 14 4 15 11 19 10
18 20 9 4 12 2 16 8 15 17
20 16 1 7 18 12 3 19 6 14
4 13 7 14 5 15 3 16 10 9
1 13 14 6 5 12 18 16 20 8
7 8 16 5 17 1 12 6 10 3
2 5 11 4 16 12 17 15 13 9
12 8 3 16 13 20 5 1 4
17 2 9 19 20 6 11 18 16 5
4 2 3 8 7 6 13 9 5 14
20 12 18 15 14 5 16 11 19 8
6 20 1 12 9 16 17 11 2 3
1 14 19 15 12 10 8 2 16 6
11 7 14 2 18 15 9 5 1 13 3
4 12 7 15 19 6 18 1 9
12 13 11 10 7 8 6 2 16
12 2 6 9 5 17 3 14 19 20
9 6 16 17 20 19 3 14 10 4
11 15 6 3 12 9 14 16 1 4 19
5 16 7 8 9 6 15 17 10 14 2
9 10 19 17 1 2 16 12 3 6 13
1 3 9 7 20 19 14 15 11
10 18 14 1 17 3 11 13 5
14 4 10 2 11 20 17 19 13 6
4 20 10 9 17 11 12 8 16 6
17 14 10 8 9 5 12 13 18 16
20 8 14 13 18 3 11 15 16 6
10 11 4 12 3 7 5 13 16 2
3 15 14 7 2 10 20 1 17 4
16 6 19 17 20 1 14 10 3 2
17 16 11 14 1 2 4 3 15 19
10 19 4 17 18 20 5 12 11 7
6 2 17 11 18 14 16 12 3 20 1
12 13 6 3 8 10 15 9 17
12 4 3 10 8 5 20 13 7 11
3 9 2 6 4 15 14 18 13 10
11 19 18 13 9 7 8 14 16 17
16 15 5 19 4 18 6 8 7 20
12 15 8 16 7 4 11 6 5 10
5 13 9 10 20 16 4 11 14 8
12 20 15 14 8 16 6 5 11 17
19 10 17 7 12 11 13 8 3 6
2 20 3 9 7 16 17 10 5 14
13 11 14 18 2 8 17 5 12 1 7
5 11 20 7 17 19 3 13 14
9 2 7 14 6 20 11 15 4 16
15 8 19 13 12 3 10 17 2
11 1 5 17 8 4 15 12 13 10 6
8 6 10 15 20 11 13 17 5
13 17 16 1 15 14 7 19 18 20
18 10 12 20 19 7 17 6 1 11
4 8 20 10 9 3 1 7 11 6
9 2 19 20 5 3 12 15 4 14
15 9 6 14 5 4 10 8 17 7
2 7 1 19 12 9 13 8 17
5 2 17 3 12 6 1 10 11 7 8
7 10 17 12 6 9 11 8 2 15
11 18 14 5 13 6 10 19 12 3 17
15 17 5 14 16 18 7 3 8 9
1 20 7 12 11 16 3 10 6
8 18 4 2 6 7 20 13 3 14
8 9 16 19 10 11 3 18 13 2
1 4 6 10 9 13 8 19 15 3
4 12 16 20 3 19 1 8 13 18
15 20 13 18 14 10 19 6 16
5 2 11 18 10 8 15 1 9 12
14 2 5 7 6 20 11 8 16
10 12 15 18 1 11 3 17 19 7
5 20 17 18 7 4 3 14 10 19
20 2 6 1 17 4 13 8 18 5
1 16 4 10 2 7 17 12 15 6 19
7 6 4 15 19 1 16 2 3
15 3 17 6 16 12 19 2 5
4 19 9 5 14 18 12 15 16 11
9 3 2 16 15 12 5 20 6 13
9 19 7 12 15 3 4 11 14
1 17 20 7 6 14 2 13 3 18
6 15 14 20 11 9 7 3 13
5 20 10 12 19 13 15 6 7 1 9
1 16 18 12 19 6 20 14 9
5 11 2 1 3 14 7 20 13 15
6 11 1 12 10 7 13 19 8 16
11 2 7 8 15 16 13 6 17 10
5 10 9 20 8 1 12 14 2 7 18
10 3 13 11 16 8 20 9 17 15
6 14 19 10 2 16 7 20 18 4
14 7 19 16 15 13 20 10 1 3 6
3 6 12 16 19 5 17 8 7 1
6 16 14 2 1 5 18 3 13 12
9 2 20 19 13 8 15 18 6 12
5 17 4 15 11 13 9 18 7
19 17 3 11 13 15 5 10 4 8
17 20 13 19 16 10 5 1 14 2 9
20 18 12 19 7 1 17 4 14
10 9 2 17 19 7 13 4 18 6
20 11 9 2 6 7 12 3 16 1
13 3 4 20 9 7 2 19 10
12 16 4 1 10 19 11 18 9 7
11 19 2 10 4 16 18 9 1 14
7 2 3 9 8 13 14 10 6
4 18 5 13 20 1 6 19 2 14 8
6 5 13 16 18 19 12 9 2 8
2 18 12 5 14 4 10 6 9 19
1 5 18 20 17 10 16 15
9 2 19 3 8 6 14 20 10
10 4 5 14 11 17 18 9 1 16 7
17 14 11 13 2 5 1 9 6 20
8 19 15 3 13 14 9 11 12 6
11 6 14 1 7 10 3 13 4 17
5 18 12 4 9 10 16 20 2 1
2 18 19 15 7 9 11 10 14 16
16 14 8 10 6 17 11 1 13
3 10 18 19 8 16 2 6 20 1
15 1 8 11 4 18 14 12 17 13