NUMBER	226
210 228 102 1 105 169
112 29 213 9 62 229
112 29 213 46 229 211
206 2 221 216 203 88 41
2 75 222 216 169
108 79 1 76
108 222 42 74
2 150 0
222 75 216 169
108 83 20
108 83 21
222 218 94
2 115 82 228
2 83 228
2 83 228 20
2 124 228 153
66 237 218 212 66
2 124 82 228 18
2 124 189 153 169
83 178 23 208
83 23 15 208
237 102 228 169
2 237 115 82 230 169
2 237 102 83 230 169
102 60 15 237 218 61 15
102 173 187 169
2 203 83 23 12
237 102 154 169
222 14 226 54
1 138 4 97
2 124 188 153 169
204 216
69 29 216 47 153 169
222 218 94
112 2 111 53
7 2 153 213 220 229
1 155 47 209 2 67
112 1 117 2 51 178 48
7 2 148 178 182 149
1 217 111 178 183 6
34 120 153 218 228
212 115 229 109
3 153 108 59 47 76
108 117 1 178 23 21
1 127 115 178 23 20
108 104 178 225 54 153
108 117 1 178 23 13
115 19 92 16 178 22
72 66 57
2 115 146 228
2 73 56 55 184
2 124 228 52
2 124 228 96
222 185 216 169
2 73 222 185 11 226 64
2 216 203 73 231 146
222 185 10 179 182 149
1 115 146 11
237 210 211 63
195 232 50 1 115 78 145
1 191 81 81
1 216 73 223 183 169
222 183 210 211 230 52
210 215 55 169
222 183 218 226 55 184
1 226 124 222 185 10
210 211 147
216 212 216 147
113 2 102 160 213 116 77 229
2 216 106 180 183 33
2 212 216 71 91
216 158 2 102 156
108 212 115 130 118 117 160
2 160 26 179 32
2 129 160 98 169
2 216 68 157
206 2 211 163 238 216 76 199 116
206 2 211 207 28 117 160 2 122 141
151 160 217 224
1 127 199 116 33
222 160 237 216 116 56 53 31
2 216 105 1 86 160 169
108 68 157 205 151
222 218 226 63 160
1 127 116 172 160
112 8 143 217 224
222 218 77 143 133 169
143 177 222 58 169
222 44 210 143 169
77 143 102 56 53 31
77 143 236 208 74
222 183 152 216 80 143 169
212 58 74 181 25 227 80 229
2 216 75 152
177 3 222 214 179 182 174
87 222 186 133 74
217 2 49 42
227 217 2 43
34 161 1 211 131
216 212 216 117 1 2 162 160
222 218 1 170
2 228 31 210 31
1 127 140 2 168
3 127 108 2 137 136
1 127 176 2 139 178 48
34 161 218 119 192 2 128 200 150
206 2 210 228 168 216 86 1
40 161 216 105 131 29
222 218 1 34 162 166 2 71 77 81
2 115 202 135 164
2 236 217 190 134 127 40 237 140
226 56 6 220 210 2 29 168
2 236 56 173 167
2 102 201 127
1 115 99 155 47
3 40 237 139 222 183 168
164 165 119 192
29 5 159 226 121
206 2 127 196 70 216 77 81 175 160
222 218 194 40 226 210 84
2 219 1 132 45 210 126 226 123
2 54
36 54
38 54
39 54
37 54
2 30 208
30 117 54 169
30 93 169
198 208
90 208
2 208 117 54
1 234 212 193
171 117 54 169
226 109
114 2 229
232 109 2 229
2 65 54
2 232 54 229
212 107
222 218 1 236
211 228 114
2 232 107 229
112 114 2 229
226 113
112 1 89 229
112 1 212 218 142
220 218 1 193
211 103
211 197
211 228
212 125 1 216 131
40 237 95
210 27 110
35 110
216 176 2 100 65 123
176 2 95 65 123
34 312 208 169
35 312 208 169
34 300 218 150 169
34 335 48 316 169
34 335 48 314 169
34 312 65 54
34 300 217 308 300 362 48
34 226 60
34 226 259
34 226 61
34 268 309 300 255 49
34 315 226 55
317 312 226 257
313 261 35 115 48 314
34 311 307 65 54
34 300 150 300
1 124 222 312
1 275 222 312
34 312 305 254 54
274 35 212 115 48 314
254 37 48 314 229
254 37 315 229
251 54
7 54
239 54
6 54
250 54
343 250 54
325 244 54
324 244 54
323 244 54
321 244 54
322 244 54
249 54
8 54
245 54
243 54
101 5
101 5 76 3 296
101 5 76 3 301 293
101 5 76 3 291
101 5 76 81 3 369
1 226 326 209 4 369
5 271 229
1 226 277 4
310 100 108 56 269
216 100 2 226 123
226 326 100 2
54 53 31 212 100
1 76 229
272 2 123
101 76 360 258 320 132 368
360 258 320 132 368 218 360 258 291 217 362 357 318 287 328 132 279
360 258 320 132 368 218 360 258 291 217 320 233 328 132 279
360 258 132 368 218 29 319 260 303 132 279 363 346
366 366 362 218 360 258 132 368 285 263 306 281 256 294 132 253
366 350 218 360 258 320 132 368 299 261 281 302 247
364 361 349 132 253 218 189 302 368 306 304 132 356 311 351 288 284 194 301 293 252
349 345 347 218 317 282 297 343 246
1 76 241 189 302 368 306 304 132 356
339 273 218 178 292 298 262 337 248 273
222 218 178 183 336 56 183 280 176 264 265
240 218 336 189 302 368 306 304 132 356 317 282 297 360 258 320 132 368 278 334 176 264 270
240 218 178 183 266 189 242 333 265
242 218 102 267 276 239
330 218 105 242 337 327 0 332
265 331 0 218 364 361 349 132 253
222 265 103 151 285 263 151 295 337 299 261 284 56 183 283
265 329 304 218 298 262 304 337 286 299 261 290 289 248 304
