NUMBER	100 
301 60 238 22 156 215 314 206 252 365
335 293 140 252 34 200 207 316 48 63
46 115 300 15 221 321 343 128 267 95
337 195 197 26 174 97 257 165 40 146
233 61 129 193 257 117 215 20 43 27
36 222 347 35 258 44 301 65 237 253
103 97 324 302 236 347 325 245 121 148
202 242 203 302 12 238 365 122 241 363
354 255 230 267 25 177 0 332 277 148
357 276 217 55 118 236 320 43 215 229
58 166 76 244 196 201 226 365 273 57
359 31 111 191 242 239 366 199 86 141
354 84 174 360 150 201 195 261 271 59
179 337 85 240 303 266 177 369 359 280
296 56 312 296 265 193 296 106 320 322
52 305 72 167 358 367 84 153 31 129
156 199 83 159 196 80 184 171 135 253
338 368 63 305 120 39 333 282 136 108
293 28 84 30 39 40 212 302 253 196
355 163 161 49 226 23 312 37 221 307
242 39 115 64 288 149 273 65 292 221
13 355 341 144 156 165 216 133 136 124
314 1 159 307 33 135 91 20 76 110
345 286 68 297 98 282 246 193 32 167
251 302 334 22 56 232 30 124 285 156
280 321 362 147 103 285 231 64 76 133
274 31 162 194 162 345 244 77 143 206
145 147 41 154 195 359 270 334 204 274
242 96 95 243 169 71 329 249 84 157
63 296 151 232 323 51 363 173 237 158
261 159 220 108 191 257 284 337 179 46
11 336 97 159 349 34 215 38 56 9
102 67 223 5 235 194 343 275 289 107
17 97 263 364 354 196 214 272 37 117
35 53 82 61 89 318 6 207 108 241
304 50 43 39 250 179 44 68 87 354
257 321 109 137 106 145 319 220 196 346
117 214 117 73 248 248 179 110 33 169
351 203 156 181 257 274 312 49 149 88
12 53 187 125 25 192 77 78 38 282
162 315 31 352 94 128 204 331 41 280
141 230 97 340 82 55 233 26 290 274
283 129 296 19 247 216 11 89 107 275
294 189 10 273 312 96 227 19 223 39
69 148 343 99 127 16 134 163 356 252
181 28 270 156 288 279 18 4 160 171
164 88 180 202 249 89 181 331 257 78
239 45 214 348 2 163 71 72 280 36
262 68 87 154 222 254 45 34 160 304
279 88 169 363 143 132 76 113 242 64
102 154 356 111 338 272 54 168 40 60
251 18 202 259 0 146 69 37 345 246
242 334 192 246 171 252 15 368 69 330
60 349 85 199 157 260 235 122 98 191
44 181 180 258 170 163 104 110 295 259
184 181 230 246 284 7 199 22 180 56
355 124 251 65 119 122 257 110 284 352
125 333 146 47 290 156 184 17 146 200
216 136 135 369 174 100 198 187 100 251
82 41 365 63 13 72 164 281 13 13
277 288 13 12 65 304 45 233 249 299
94 144 327 207 267 159 181 33 158 276
187 89 337 326 175 328 315 29 167 44
258 149 294 247 56 144 323 287 225 194
329 35 36 70 126 284 100 334 21 120
354 48 96 136 224 146 77 197 116 202
202 348 124 170 70 299 209 40 285 147
51 353 251 363 273 279 236 305 257 153
55 212 50 57 89 139 154 125 46 66
95 22 266 316 339 79 76 108 48 94
311 86 39 238 99 292 350 276 34 7
94 130 241 139 283 351 30 3 2 341
301 303 182 70 69 121 39 17 156 241
90 5 288 158 106 248 52 247 242 345
343 15 264 178 33 162 61 223 267 60
129 62 334 44 213 308 229 194 196 340
72 240 329 218 252 284 212 269 40 294
92 270 123 83 202 61 19 261 233 213
227 239 258 142 157 318 344 289 46 162
175 166 73 215 238 366 269 106 49 95
130 202 11 93 239 190 273 256 36 278
307 109 275 107 251 327 23 205 52 84
216 275 185 228 235 217 318 146 62 23
203 69 177 98 349 57 345 22 72 283
339 254 334 305 77 73 364 288 117 248
105 67 225 363 262 150 317 124 117 264
280 136 228 270 87 277 290 224 80 237
278 231 317 127 44 305 189 274 92 155
140 288 298 216 224 292 65 38 330 144
210 30 213 39 166 117 147 47 260 301
28 343 67 335 169 197 49 203 205 117
19 287 88 325 244 33 11 179 68 301
196 180 328 302 285 41 347 329 78 291
288 161 10 96 129 50 111 295 28 315
345 165 181 219 244 251 109 271 338 187
48 113 62 8 153 183 123 18 261 235
210 188 362 157 311 70 172 26 206 351
173 188 263 115 308 183 239 32 115 164
4 302 185 59 94 54 9 295 61 22
124 294 174 66 226 20 311 348 230 320
