1
2
3
4
5
6
7
8
9
10
11
12
13
14
15
18
20
21
23
25
27
28
29
30
31
33
34
35
40
41
42
43
44
45
46
47
48
49
51
52
53
54
55
56
58
59
60
61
62
63
64
65
66
67
68
69
71
73
74
75
76
77
79
80
81
82
83
84
86
87
88
89
91
93
94
95
96
97
98
100
101
102
105
107
108
109
110
111
112
113
114
115
116
117
118
119
120
121
122
123
124
125
126
127
128
129
130
131
132
133
134
135
136
137
138
139
140
141
142
143
146
147
149
150
151
152
153
154
155
156
157
158
159
160
161
162
163
164
166
167
168
169
170
172
173
176
177
178
179
181
182
183
184
185
186
187
188
189
190
192
194
197
199
200
201
202
203
204
205
206
207
208
209
210
211
212
213
215
216
217
218
219
220
221
222
223
224
226
227
228
229
230
231
232
236
237
238
244
269
275
291
293
296
300
301
308
310
312
314
315
316
325
326
335
362
369