210 228 102 1 105 169
112 29 213 9 62 229
112 29 213 46 229 211
206 2 221 216 203 88 41
2 75 222 216 169
108 79 1 76
108 222 42 74
2 150 0
222 75 216 169
108 83 20
108 83 21
222 218 94
2 115 82 228
2 83 228
2 83 228 20
2 124 228 153
66 237 218 212 66
2 124 82 228 18
2 124 189 153 169
83 178 23 208
83 23 15 208
237 102 228 169
2 237 115 82 230 169
2 237 102 83 230 169
102 60 15 237 218 61 15
102 173 187 169
2 203 83 23 12
237 102 154 169
222 14 226 54
1 138 4 97
2 124 188 153 169
204 216
69 29 216 47 153 169
222 218 94
112 2 111 53
7 2 153 213 220 229
1 155 47 209 2 67
112 1 117 2 51 178 48
7 2 148 178 182 149
1 217 111 178 183 6
34 120 153 218 228
212 115 229 109
3 153 108 59 47 76
108 117 1 178 23 21
1 127 115 178 23 20
108 104 178 225 54 153
108 117 1 178 23 13
115 19 92 16 178 22
72 66 57
2 115 146 228
