NUMBER 209
0 51 72 85 107 116 156 165 183 196 219 229 263 
1 35 86 96 127 133 172 184 239 248 265 269 314 
2 38 91 95 128 133 173 184 206 221 256 265 287 
3 35 83 100 116 126 156 172 191 213 233 250 280 292 347 
4 27 62 73 89 103 149 160 181 187 227 
5 52 81 91 118 128 154 163 190 
6 43 67 79 110 121 143 152 204 
7 39 58 75 103 120 150 
8 70 108 120 141 155 181 192 232 
9 53 73 82 119 132 150 
10 41 67 81 109 115 199 
11 54 84 89 109 116 175 
12 59 80 91 121 133 149 161 191 
13 39 65 79 102 113 139 
14 54 90 100 123 132 158 175 201 
15 48 67 78 102 112 135 138 179 
16 41 86 93 126 130 157 170 204 208 238 
17 41 66 86 114 129 160 171 192 226 288 
18 54 87 101 121 131 182 189 221 230 267 
19 61 92 98 118 130 158 159 205 
20 60 95 103 140 157 214 226 267 
21 54 76 81 149 160 180 197 237 
22 55 78 96 119 125 161 166 195 205 253 260 297 
23 53 86 93 122 126 188 196 230 241 290 302 338 
24 46 101 113 149 159 227 232 258 266 289 300 333 343 408 
25 62 112 122 146 178 221 230 274 
26 55 83 103 116 123 167 174 207 219 280 
27 66 83 95 157 166 226 241 276 
28 53 94 109 158 172 187 191 216 
29 59 143 159 227 236 309 
30 62 87 98 122 143 201 216 242 261 299 
31 51 97 113 142 
32 55 109 115 161 177 197 210 239 253 273 287 328 
33 57 81 93 111 126 184 
34 47 84 106 124 146 156 176 212 
35 49 73 91 116 128 151 166 214 215 256 266 309 
36 44 67 88 99 113 122 135 156 171 197 211 278 
37 45 91 123 144 151 177 195 215 230 260 277 293 302 326 
38 44 76 90 118 136 163 194 203 241 256 
39 58 75 85 104 122 138 157 172 193 209 234 293 
40 60 89 96 127 141 161 171 188 213 227 
41 63 84 89 123 132 173 188 221 
42 52 112 119 156 178 200 213 237 246 268 290 305 
43 48 72 83 112 126 149 159 175 190 218 243 329 
44 44 64 88 104 120 138 157 181 201 213 245 254 
45 51 71 88 125 150 170 179 245 264 271 284 301 
46 46 70 84 106 118 137 152 167 187 203 223 306 
47 39 77 92 119 141 176 194 247 260 271 296 306 
48 73 84 95 122 138 162 
49 53 80 97 115 129 165 172 185 
50 53 72 88 112 125 151 164 180 205 252 
51 48 60 80 109 119 134 160 188 
52 40 59 80 92 100 124 141 172 
53 46 80 93 153 164 182 201 238 
54 56 84 108 133 145 179 271 289 334 342 357 358 367 398 
55 56 73 86 105 128 137 151 188 212 247 260 292 
56 43 79 99 157 174 213 236 268 288 305 324 326
57 50 67 85 93 109 134 163 208 
58 52 68 88 108 123 131 160 179 
59 57 104 133 174 194 229 248 267 279 302 314 322 338 367  
60 52 71 109 120 134 150 179 205 
61 55 71 83 100 118 146 161 180 213 222 250 280 
62 63 83 110 119 139 179 184 195 212 254 285 304 
63 48 80 98 116 135 139 164 192 
64 47 73 89 101 128 147 162 175 190 208 234 291 
65 54 63 80 98 117 136 150 181 204 262 276 321 
66 57 83 87 104 111 130 
67 43 65 73 111 113 125 138 156 
68 50 136 150 174 194 223 237 272 282 318 337 368 381 401 420 465 
69 48 64 83 100 117 137 152 170 200 202 217 237 
70 49 82 102 136 147 150 164 187 203 263 
71 57 77 96 143 157 176 188 237 254 298 
72 49 65 79 108 122 128 153 188 206 249 260 276 293 323 
73 47 65 81 109 136 171 190 203 225 250 
74 47 63 79 102 123 139 153 172 184 217 
75 40 59 83 106 128 184 211 284 
76 57 92 112 131 153 165 184 213 232 260 293 298 321 340 366 384 404 431 
77 42 60 101 117 138 156 176 201 233 265 296 309 329 357 375 400 422 475 496 514 
78 54 119 136 167 176 193 216 256 
79 54 69 87 106 119 139 151 194 207 219 
80 60 90 108 130 139 166 184 205 225 266 290 308 321 346 366 391 
81 49 68 85 100 114 147 159 177 208 231 250 270 295 315 
82 53 75 96 160 176 271 281 310 328 373 
83 53 86 95 111 124 147 153 181 199 216 
84 52 68 90 108 122 149 166 203 231 252 
85 53 89 120 217 236 272 288 305 326 369 
86 52 84 97 117 126 159 175 222 248 318 335 373 
87 49 90 109 137 147 176 196 242 260 286 
88 53 91 102 152 185 197 196 248 264 301 
89 51 81 100 148 175 213 230 253 274 302 334 343 
90 45 75 99 149 170 194 204 235 258 304 
91 38 71 86 94 117 179 187 207 228 237 264 317 339 371 
92 64 84 93 129 156 185 197 218 248 283 312 322 334 357 377 423 
93 41 67 81 98 117 132 152 220 
94 51 71 87 147 154 193 215 224 233 243 271 294 303 322 
95 59 85 92 129 149 174 189 240 259 304 
96 50 72 93 106 131 155 165 191 
97 68 79 92 115 125 148 181 220 
98 61 92 105 182 192 215 233 242 258 302 
99 53 74 95 119 124 140 165 173 189 213 229 245 252 315 330 354 
100 55 76 92 110 123 147 161 216 
101 64 79 95 105 123 142 168 191 213 233 
102 43 62 89 109 125 179 205 220 248 278 
103 45 101 120 148 176 193 213 239 260 287 301 353 
104 66 80 100 121 135 159 172 199 222 262 273 290 303 315 
105 47 78 93 163 173 201 219 245 263 292 314 340 355 396 413 435 450 474 
106 48 88 108 123 142 164 181 204 222 261 291 301 320 350 360 383 
107 54 85 101 170 188 202 222 243 264 298 316 336 
108 36 66 77 94 107 128 148 178 182 257 281 343 364 378 387 408 415 435 451 474 
109 55 75 96 124 145 169 179 216 225 289 
110 40 53 74 100 115 134 155 186 214 258 289 314 328 350 361 388 405 464 
111 56 71 87 115 124 183 199 234 247 277 288 308 326 347 366 400 
112 37 56 76 112 120 141 157 176 195 258 
113 50 71 92 130 157 170 198 224 
114 46 65 82 108 125 179 194 211 229 250 
115 40 109 136 151 168 184 208 239 252 283 303 313 334 370 
116 51 110 137 163 176 203 220 242 
117 52 77 91 143 163 206 227 242 256 327 
118 46 81 97 113 136 159 162 217 232 274 294 312 324 346 363 391 402 458 479 501 
119 26 59 76 96 113 159 174 194 210 225 243 264 282 303 
120 54 68 87 105 120 138 154 227 243 289 310 325 340 357 372 385 403 435 
121 43 52 71 87 
122 45 66 85 96 
123 46 77 93 103 
124 40 64 79 92 
125 40 72 83 91 
126 49 68 83 140 152 200 
127 47 104 118 143 158 175 190 224 
128 50 108 120 144 156 188 
129 58 80 90 127 
130 44 97 110 141 
131 42 64 84 118 132 153 166 175 
132 32 50 57 96 103 131 147 166 
133 54 72 89 106 118 133 147 177 
134 52 71 86 109 
135 48 64 83 97 110 151 
136 47 92 103 131 150 162 180 208 
137 42 66 83 95 105 122  
138 43 63 83 121 140 155 174 210 
139 34 63 79 118 
140 52 79 96 112 121 131 143 176 
141 41 70 88 100 122 139 
142 57 73 90 139 162 191 215 255 
143 50 91 114 137 155 167 175 219 
144 50 70 85 180 
145 60 103 125 136 150 194 211 253 
146 52 90 119 133 151 180 190 200 212 256 
147 44 70 87 99 106 127 146 177 
148 48 65 85 102 
149 57 70 86 141 
150 55 74 94 112 
151 55 73 91 109 164 166 172 184 209 253 
152 59 78 102 119 137 206 
153 41 71 85 131 140 177 
154 44 68 85 114 
155 54 67 84 101 124 136 164 219 233 252 270 296 304 
156 40 57 82 102 131 186 197 215 228 268 
157 46 81 100 146 169 206 227 265 
158 47 72 75 134 164 197 219 258 
159 58 85 111 161 173 190 204 223 236 271 
160 56 90 109 121 156 178 188 220 233 267 
161 44 79 95 121 139 163 179 200 212 243 
162 43 82 93 138 165 179 188 215 
163 48 78 97 154 171 191 212 231 269 318 340 346 360 379 
164 39 78 91 106 118 150 
165 40 76 93 115 132 161 
166 41 72 90 107 121 151 
167 45 76 98 152 172 184 204 266 305 338 
168 45 79 94 137 140 151 166 189 
169 50 72 93 136 153 169 188 208 
170 49 133 155 186 194 225 244 261 282 303 313 332 
171 50 85 111 138 159 210 222 234 244 268 
172 39 78 93 156 171 197 211 267 
173 50 71 88 102 113 151 163 234 
174 42 59 70 95 112 146 158 206 
175 42 82 98 141 170 229 234 244 258 282 
176 60 59 82 100 128 170 188 194 216 238 248 267 
177 49 69 85 108 127 142 160 181 194 240 
178 54 65 80 106 128 145 160 202 
179 45 75 95 106 
180 40 67 77 95 
181 42 90 104 123 
182 35 93 111 125 
183 50 111 128 149 
184 43 60 76 132 145 166 
185 53 96 109 122 131 148 
186 51 76 94 111 132 142 
187 47 67 80 97 111 140 
188 42 57 83 102 120 132 
189 58 71 98 116 127 140 
190 39 111 127 145 
191 44 134 153 164 
192 52 99 111 129 
193 48 84 109 119 
194 44 96 109 159 
195 42 105 124 159 171 194 206 252 273 302 
196 39 92 111 149 163 185 199 252 267 292 313 334 
197 45 107 125 160 174 195 204 274 302 359 
198 41 96 110 156 169 190 201 229 246 303 324 366 
199 49 57 75 88 106 134 151 173 187 237 261 300 
200 46 84 114 141 176 219 
201 50 64 80 87 111 131 152 197 
202 45 79 97 150 161 183 208 234 250 343 
203 70 89 101 152 171 186 201 218 231 267 
204 46 60 78 105 120 165 182 194 
205 41 58 77 96 113 121 137 171 190 242 
206 49 60 78 102 111 158 
207 58 119 129 155 175 208 
208 41 102 123 143 167 176 197 221 233 262 280 337 352 397 