NUMBER 209
0 47 74 93 103 121 160 175 185 203 218 226 264 
1 50 88 119 149 157 198 223 272 306 322 332 374 
2 59 98 120 141 145 182 195 213 224 264 283 293 
3 53 92 106 120 132 150 166 179 206 226 234 252 274 319 
4 55 68 83 100 111 143 163 176 185 222 
5 51 65 83 101 114 122 142 173 
6 45 68 84 122 132 152 166 210 
7 54 64 79 94 120 145 
8 60 89 103 120 138 153 168 196 
9 44 59 76 93 109 126 
10 43 66 81 102 116 189 
11 54 84 97 117 125 178 
12 55 75 88 114 128 138 156 166 
13 48 65 95 114 130 149 
14 50 72 83 107 122 137 152 170 
15 46 63 107 125 138 152 163 181 
16 58 80 97 120 133 151 164 191 209 232 
17 49 67 93 118 140 158 174 191 226 290 
18 54 70 102 125 130 177 193 208 230 273 
19 52 80 98 111 128 153 171 215 
20 58 78 100 128 145 200 219 252 
21 54 73 86 131 152 168 186 226 
22 49 74 82 104 115 136 161 174 186 233 235 266 
23 56 76 88 110 129 172 190 210 225 271 289 319 
24 50 88 116 138 151 216 227 249 268 284 297 329 344 405 
25 38 93 119 132 149 189 205 243 
26 50 65 88 106 116 148 159 184 213 255 
27 62 83 98 136 152 212 236 270 
28 60 86 116 151 169 189 202 218 
29 62 88 100 132 150 219 238 302 
30 51 60 84 102 122 160 179 195 210 242 
31 48 87 102 121 
32 52 113 129 160 172 189 210 229 246 264 283 315 
33 63 92 109 125 136 180 
34 68 94 125 143 157 178 196 221 
35 59 77 103 118 130 147 161 207 214 249 261 298 
36 51 62 77 93 112 129 143 168 179 196 211 274 
37 63 93 130 142 149 169 182 196 212 239 248 262 270 291 
38 51 71 91 103 126 179 191 207 220 237 248 267 
39 58 77 95 111 128 162 170 186 216 220 236 302 
40 54 84 94 120 132 157 166 183 201 217 
41 54 86 106 130 146 186 206 228 
42 60 106 131 150 165 186 202 220 235 254 268 291 
43 52 74 87 102 119 136 155 165 184 211 225 316 
44 58 76 92 110 120 141 153 166 182 215 220 235 
45 55 84 101 139 156 180 186 275 285 300 320 338 
46 65 90 107 126 141 159 189 207 217 248 266 339 
47 42 71 91 107 120 167 179 227 242 256 283 289 
48 66 94 103 128 144 174 
49 55 74 89 116 128 155 165 185 
50 54 68 84 114 131 155 171 193 207 271 
51 62 73 89 106 119 140 164 189 
52 55 75 92 109 123 143 161 187 
53 70 106 128 181 201 218 232 265 
54 65 82 104 128 147 172 197 247 270 315 323 333 341 384 
55 49 71 83 97 117 131 144 174 189 230 248 280 
56 54 92 109 159 177 221 237 254 265 288 307 318 
57 50 62 79 97 115 144 165 214 
58 59 81 99 134 141 158 170 202 
59 66 116 139 176 190 234 248 261 274 294 313 321 332 362 
60 61 79 97 131 139 173 195 232 
61 55 73 92 109 121 153 175 190 217 231 252 285 
62 59 85 103 117 127 163 176 200 216 267 283 304 
63 61 86 97 120 131 148 165 199 
64 38 68 83 88 106 125 141 156 165 185 209 275 
65 52 73 84 100 113 131 144 178 195 251 270 300 
66 62 93 98 123 144 155 
67 55 76 86 124 127 144 165 177 
68 53 133 159 177 189 234 246 264 289 335 350 390 403 418 433 473 
69 43 52 68 80 104 119 142 153 186 189 204 216 
70 52 67 79 114 116 133 163 198 211 255 
71 67 81 109 148 170 178 192 235 257 306 
72 44 70 84 111 121 145 156 188 204 254 268 287 301 327 
73 50 68 83 112 126 171 184 193 214 250 
74 49 67 81 100 134 152 167 185 206 244 
75 46 71 85 98 127 186 200 286 
76 47 90 115 128 145 174 198 210 221 266 290 301 326 343 372 394 411 442 
77 44 76 100 116 154 172 186 199 235 296 316 340 358 388 410 428 445 501 511 535 
78 51 104 134 158 174 185 206 255 
79 47 63 85 106 118 138 158 197 226 234 
80 56 92 106 132 149 176 193 208 235 265 277 302 318 344 363 385 
81 45 63 80 96 116 145 159 178 197 232 244 266 286 319 
82 54 76 92 148 165 236 254 279 297 352 
83 54 92 106 124 136 148 162 183 204 227 
84 46 64 76 111 125 161 178 218 236 257  
85 51 104 129 217 235 282 305 325 339 391 
86 52 78 92 112 126 150 168 218 245 306 332 366 
87 63 114 132 157 170 202 214 253 265 305 
88 49 80 96 123 138 166 184 237 254 292 
89 53 79 107 146 169 210 233 261 275 295 313 334 
90 55 76 92 142 162 185 197 231 250 300 
91 46 74 97 105 128 194 209 222 238 266 288 329 355 388 
92 43 74 87 115 130 171 188 206 213 275 296 307 322 343 360 401 
93 51 72 84 94 122 138 164 231 
94 48 75 92 132 142 177 192 216 228 241 257 279 297 306 
95 53 77 84 117 136 162 174 234 259 308 
96 56 74 91 100 129 142 157 181 
97 49 58 76 89 109 128 162 207 
98 51 82 99 166 182 204 217 233 248 290 
99 60 73 88 125 126 140 153 168 194 210 229 244 263 317 326 348 
100 56 85 102 114 131 143 159 204 
101 50 64 80 98 116 141 159 182 206 223 
102 47 56 75 97 116 171 185 210 230 257 
103 45 92 125 146 164 186 206 222 247 267 285 349 
104 50 68 88 107 132 148 167 180 205 242 252 262 287 303 
105 37 73 91 162 172 188 225 237 254 289 311 324 339 384 400 425 446 470 
106 48 91 114 123 145 176 190 213 235 272 289 308 324 354 367 382 
107 68 97 117 208 230 250 275 297 314 377 387 421 
108 45 78 94 106 128 137 168 206 222 282 298 376 410 425 437 463 474 499 517 546 
109 49 67 81 105 128 164 184 230 242 291 
110 63 72 90 115 136 152 175 201 216 254 279 312 320 338 350 373 402 454 
111 40 61 74 97 113 165 179 206 225 251 265 281 295 318 336 366 
112 63 73 87 114 126 148 168 188 200 258 
113 56 69 85 120 137 158 171 202 
114 58 76 91 113 150 192 204 223 242 255  
115 43 85 112 133 151 164 188 221 225 255 270 280 294 328 
116 48 96 125 145 163 181 192 221 
117 47 77 98 139 159 197 204 215 240 287 
118 57 104 124 137 154 179 195 239 258 301 312 339 354 373 390 412 429 489 498 519 
119 50 77 91 109 124 175 190 206 225 250 258 285 295 316 
120 49 64 78 95 107 119 155 204 225 273 291 311 335 355 362 372 392 421 
121 53 62 79 89 
122 53 79 97 107 
123 48 66 87 103 
124 53 68 88 101 
125 43 69 77 97 
126 52 72 87 128 141 174 
127 57 102 120 145 163 173 190 217 
128 56 103 118 146 163 195 
129 49 77 92 120 
130 50 104 120 160 
131 70 74 88 123 144 161 176 193 
132 50 64 78 106 118 148 164 187 
133 47 66 77 99 112 123 135 166 
134 50 69 79 111 
135 51 84 101 111 120 161 
136 67 110 128 154 172 181 199 242 
137 51 65 85 98 110 133 
138 49 63 86 127 149 161 177 219 
139 50 83 95 136 
140 54 84 98 116 124 139 153 183 
141 52 77 92 110 127 154 
142 49 65 84 121 143 167 181 223 
143 58 99 126 152 172 230 
144 49 63 86 177 
145 56 94 133 145 166 209 224 267 
146 57 94 135 151 168 193 205 220 239 275 
147 44 70 85 106 119 132 147 166 
148 57 68 90 106 
149 53 71 83 139 
150 60 77 94 106 
151 57 93 112 135 149 164 179 200 217 265 
152 60 82 93 115 131 200 
153 55 81 97 133 146 186 
154 54 76 93 124 
155 58 75 98 106 125 139 160 204 224 239 251 285 
156 69 78 109 122 144 210 226 238 248 283 
157 52 81 97 148 165 194 209 247 
158 49 67 88 136 151 177 196 234 
159 59 90 115 179 196 223 240 248 255 290 
160 49 81 93 128 141 165 183 212 233 270 
161 50 80 92 133 146 164 177 197 207 239 
162 47 80 98 149 165 175 188 209 
163 55 85 104 156 169 192 215 225 270 312 334 343 356 372 
164 45 71 83 94 112 135 
165 41 67 82 92 109 135 
166 62 85 101 113 129 160 
167 55 93 110 151 169 186 207 259 276 288 306 321 
168 53 77 92 117 128 141 155 177 
169 49 84 101 140 151 160 177 190 
170 57 146 171 200 207 226 240 260 276 287 300 316 
171 46 78 96 123 136 193 210 222 233 249 
172 53 77 103 150 163 182 202 260 
173 55 74 89 109 124 156 175 218 
174 48 63 82 93 106 137 158 212 
175 56 83 101 158 170 221 236 256 270 284 
176 42 64 77 99 117 138 148 166 186 191 213 226 
177 53 64 78 96 114 129 142 161 176 209 
178 55 73 89 110 127 151 164 199 
179 55 71 86 97 
180 47 66 84 102 
181 53 98 113 128 
182 61 114 134 149 
183 42 102 114 132 
184 52 69 85 148 163 181 
185 47 73 94 113 128 146 
186 49 73 100 115 132 145 
187 47 64 82 97 114 130 
188 54 81 103 117 132 149 
189 52 77 89 106 121 139 
190 51 129 143 157 
191 51 139 152 164 
192 48 84 96 115 
193 60 101 111 123 
194 49 103 119 163 
195 45 100 113 146 159 183 198 255 271 311 
196 47 109 125 155 169 196 206 255 274 296 313 329 
197 43 102 116 154 169 188 203 252 276 302 
198 50 102 118 156 171 186 204 229 247 299 322 364 
199 44 61 72 80 94 117 130 149 166 213 237 276 
200 46 80 105 138 150 195 
201 45 56 74 92 105 128 143 203 
202 57 66 81 125 154 178 192 221 234 326 
203 58 76 89 135 158 168 174 189 203 236 
204 56 74 90 119 132 177 196 217 
205 51 65 83 105 121 127 144 170 192 232 
206 55 68 85 104 119 158 
207 42 110 121 139 156 189 
208 51 101 125 144 161 173 193 210 224 244 260 311 321 369 