The test group: G_2 
sentenceID:/correctFrame/totalFrame/rate_frame/correctSign/groundtruth/rate_sign/distance/insert/delete/substitute
S0000:	0	675	0.000000	8	10	0.800000	8	6	0	2
S0001:	4	573	0.006981	8	10	0.800000	9	7	0	2
S0002:	0	603	0.000000	9	10	0.900000	7	6	0	1
S0003:	0	525	0.000000	8	10	0.800000	13	11	0	2
S0004:	2	534	0.003745	6	10	0.600000	11	7	0	4
S0005:	0	651	0.000000	8	10	0.800000	8	6	0	2
S0006:	75	624	0.120192	9	10	0.900000	9	8	0	1
S0007:	1	639	0.001565	8	10	0.800000	6	4	0	2
S0008:	0	651	0.000000	10	10	1.000000	9	9	0	0
S0009:	0	510	0.000000	6	10	0.600000	9	5	0	4
S0010:	7	528	0.013258	8	10	0.800000	9	7	0	2
S0011:	0	546	0.000000	8	10	0.800000	7	5	0	2
S0012:	0	504	0.000000	7	10	0.700000	8	5	0	3
S0013:	1	528	0.001894	5	10	0.500000	9	4	0	5
S0014:	0	546	0.000000	8	10	0.800000	13	10	1	2
S0015:	4	504	0.007937	5	10	0.500000	12	7	0	5
S0016:	0	537	0.000000	7	10	0.700000	9	6	0	3
S0017:	0	627	0.000000	6	10	0.600000	10	6	0	4
S0018:	0	624	0.000000	8	10	0.800000	8	6	0	2
S0019:	0	546	0.000000	8	10	0.800000	11	9	0	2
S0020:	0	588	0.000000	7	10	0.700000	13	8	1	3
S0021:	3	561	0.005348	6	10	0.600000	9	5	0	4
S0022:	0	597	0.000000	7	10	0.700000	15	12	0	3
S0023:	7	576	0.012153	8	10	0.800000	5	3	0	2
S0024:	0	567	0.000000	5	10	0.500000	9	3	1	5
S0025:	0	552	0.000000	9	10	0.900000	11	10	0	1
S0026:	0	606	0.000000	10	10	1.000000	8	8	0	0
S0027:	0	612	0.000000	5	10	0.500000	10	5	0	5
S0028:	8	528	0.015152	7	10	0.700000	11	8	0	3
S0029:	0	648	0.000000	7	10	0.700000	11	8	0	3
S0030:	0	591	0.000000	7	10	0.700000	10	7	0	3
S0031:	20	633	0.031596	6	10	0.600000	10	5	1	4
S0032:	0	636	0.000000	8	10	0.800000	12	9	1	2
S0033:	0	531	0.000000	6	10	0.600000	9	5	0	4
S0034:	0	537	0.000000	10	10	1.000000	6	6	0	0
S0035:	0	657	0.000000	10	10	1.000000	8	6	1	0
S0036:	0	648	0.000000	9	10	0.900000	8	7	0	1
S0037:	23	564	0.040780	7	10	0.700000	9	6	0	3
S0038:	0	609	0.000000	7	10	0.700000	9	5	1	3
S0039:	0	477	0.000000	5	10	0.500000	10	5	0	5
S0040:	2	624	0.003205	7	10	0.700000	12	8	1	3
S0041:	0	570	0.000000	8	10	0.800000	8	6	0	2
S0042:	0	627	0.000000	9	10	0.900000	7	5	1	1
S0043:	0	480	0.000000	5	10	0.500000	12	7	0	5
S0044:	0	549	0.000000	8	10	0.800000	15	12	1	2
S0045:	0	537	0.000000	8	10	0.800000	8	6	1	1
S0046:	0	552	0.000000	6	10	0.600000	10	6	0	4
S0047:	0	555	0.000000	9	10	0.900000	9	8	0	1
S0048:	0	675	0.000000	7	10	0.700000	11	8	0	3
S0049:	61	582	0.104811	8	10	0.800000	7	5	0	2
S0050:	2	630	0.003175	8	10	0.800000	9	7	0	2
S0051:	0	564	0.000000	7	10	0.700000	10	7	0	3
S0052:	0	573	0.000000	8	10	0.800000	11	9	0	2
S0053:	73	702	0.103989	9	10	0.900000	7	6	0	1
S0054:	0	483	0.000000	6	10	0.600000	10	6	0	4
S0055:	50	612	0.081699	9	10	0.900000	9	8	1	0
S0056:	0	594	0.000000	8	10	0.800000	13	10	1	2
S0057:	0	594	0.000000	7	10	0.700000	7	4	0	3
S0058:	14	585	0.023932	6	10	0.600000	11	6	1	4
S0059:	2	615	0.003252	9	10	0.900000	8	6	1	1
S0060:	1	546	0.001832	7	10	0.700000	8	5	0	3
S0061:	0	582	0.000000	6	10	0.600000	10	6	0	4
S0062:	0	585	0.000000	5	10	0.500000	12	7	0	5
S0063:	0	543	0.000000	8	10	0.800000	7	5	0	2
S0064:	0	447	0.000000	5	10	0.500000	13	8	0	5
S0065:	0	576	0.000000	6	10	0.600000	9	5	0	4
S0066:	0	564	0.000000	9	10	0.900000	11	10	0	1
S0067:	15	603	0.024876	8	10	0.800000	11	9	0	2
S0068:	0	588	0.000000	7	10	0.700000	9	5	1	3
S0069:	4	555	0.007207	8	10	0.800000	8	6	0	2
S0070:	34	603	0.056385	7	10	0.700000	8	5	0	3
S0071:	0	561	0.000000	7	10	0.700000	7	4	0	3
S0072:	0	549	0.000000	7	10	0.700000	9	6	0	3
S0073:	0	537	0.000000	5	10	0.500000	9	4	0	5
S0074:	0	657	0.000000	9	10	0.900000	8	7	0	1
S0075:	11	561	0.019608	8	10	0.800000	10	8	0	2
S0076:	0	561	0.000000	5	10	0.500000	10	5	0	5
S0077:	3	621	0.004831	7	10	0.700000	12	9	0	3
S0078:	0	585	0.000000	7	10	0.700000	13	10	0	3
S0079:	3	564	0.005319	5	10	0.500000	9	3	1	5
S0080:	0	606	0.000000	9	10	0.900000	6	5	0	1
S0081:	0	711	0.000000	9	10	0.900000	9	8	0	1
S0082:	0	624	0.000000	8	10	0.800000	8	6	0	2
S0083:	0	498	0.000000	8	10	0.800000	8	6	0	2
S0084:	2	636	0.003145	7	10	0.700000	7	4	0	3
S0085:	0	657	0.000000	5	10	0.500000	11	6	0	5
S0086:	0	630	0.000000	8	10	0.800000	13	10	1	2
S0087:	52	612	0.084967	5	10	0.500000	14	9	0	5
S0088:	0	483	0.000000	6	10	0.600000	8	4	0	4
S0089:	0	516	0.000000	7	10	0.700000	6	3	1	2
S0090:	0	564	0.000000	8	10	0.800000	9	7	1	1
S0091:	0	525	0.000000	7	10	0.700000	9	6	0	3
S0092:	0	600	0.000000	6	10	0.600000	13	9	0	4
S0093:	8	594	0.013468	5	10	0.500000	14	8	1	5
S0094:	0	648	0.000000	8	10	0.800000	10	8	0	2
S0095:	0	543	0.000000	5	10	0.500000	9	4	0	5
S0096:	0	579	0.000000	7	10	0.700000	8	5	0	3
S0097:	45	639	0.070423	8	10	0.800000	15	12	1	2
S0098:	0	597	0.000000	8	10	0.800000	6	4	0	2
S0099:	0	561	0.000000	7	10	0.700000	13	10	0	3
Ave.:	537	58107	0.009242	725	1000	0.725000	961	666	22	271 
