The test group: G_3 
sentenceID:/correctFrame/totalFrame/rate_frame/correctSign/groundtruth/rate_sign/distance/insert/delete/substitute
S0000:	247	522	0.473180	7	10	0.700000	7	4	0	3
S0001:	298	552	0.539855	6	10	0.600000	10	6	0	4
S0002:	400	603	0.663350	9	10	0.900000	10	9	1	0
S0003:	428	585	0.731624	8	10	0.800000	4	2	0	2
S0004:	329	480	0.685417	8	10	0.800000	5	3	1	1
S0005:	335	561	0.597148	8	10	0.800000	7	5	0	2
S0006:	376	567	0.663139	9	10	0.900000	8	7	0	1
S0007:	460	591	0.778342	10	10	1.000000	2	2	0	0
S0008:	417	579	0.720207	10	10	1.000000	4	4	0	0
S0009:	304	519	0.585742	7	10	0.700000	6	3	0	3
S0010:	358	537	0.666667	10	10	1.000000	7	7	0	0
S0011:	384	600	0.640000	9	10	0.900000	5	4	0	1
S0012:	384	534	0.719101	10	10	1.000000	5	5	0	0
S0013:	357	534	0.668539	10	10	1.000000	7	7	0	0
S0014:	377	564	0.668440	10	10	1.000000	4	4	0	0
S0015:	304	573	0.530541	9	10	0.900000	9	8	0	1
S0016:	388	594	0.653199	8	10	0.800000	3	1	0	2
S0017:	360	564	0.638298	8	10	0.800000	6	4	0	2
S0018:	381	576	0.661458	9	10	0.900000	6	5	1	0
S0019:	361	522	0.691571	9	10	0.900000	6	5	0	1
S0020:	429	576	0.744792	9	10	0.900000	3	2	0	1
S0021:	493	678	0.727139	9	10	0.900000	5	4	0	1
S0022:	361	549	0.657559	10	10	1.000000	8	8	0	0
S0023:	539	678	0.794985	9	10	0.900000	3	2	0	1
S0024:	413	642	0.643302	9	10	0.900000	7	6	0	1
S0025:	443	594	0.745791	10	10	1.000000	5	5	0	0
S0026:	344	618	0.556634	9	10	0.900000	8	7	0	1
S0027:	431	627	0.687400	10	10	1.000000	6	6	0	0
S0028:	534	729	0.732510	10	10	1.000000	3	3	0	0
S0029:	392	564	0.695035	10	10	1.000000	5	5	0	0
S0030:	344	531	0.647834	9	10	0.900000	5	4	0	1
S0031:	393	579	0.678756	8	10	0.800000	8	5	1	2
S0032:	390	591	0.659898	10	10	1.000000	6	6	0	0
S0033:	408	582	0.701031	9	10	0.900000	3	2	0	1
S0034:	367	567	0.647266	8	10	0.800000	8	5	1	2
S0035:	470	621	0.756844	9	10	0.900000	6	5	0	1
S0036:	344	507	0.678501	9	10	0.900000	6	5	0	1
S0037:	323	516	0.625969	6	10	0.600000	9	5	0	4
S0038:	335	549	0.610200	8	10	0.800000	7	5	0	2
S0039:	418	603	0.693201	10	10	1.000000	5	5	0	0
S0040:	333	645	0.516279	9	10	0.900000	8	7	0	1
S0041:	358	531	0.674200	8	10	0.800000	6	4	0	2
S0042:	345	543	0.635359	9	10	0.900000	6	5	0	1
S0043:	355	519	0.684008	10	10	1.000000	5	5	0	0
S0044:	403	624	0.645833	9	10	0.900000	7	6	0	1
S0045:	473	687	0.688501	8	10	0.800000	5	3	0	2
S0046:	395	573	0.689354	10	10	1.000000	7	6	1	0
S0047:	396	600	0.660000	7	10	0.700000	3	0	0	3
S0048:	489	708	0.690678	8	10	0.800000	8	5	1	2
S0049:	493	684	0.720760	9	10	0.900000	5	3	1	1
S0050:	350	549	0.637523	8	10	0.800000	8	6	0	2
S0051:	411	588	0.698980	10	10	1.000000	5	5	0	0
S0052:	455	651	0.698925	9	10	0.900000	5	4	0	1
S0053:	477	633	0.753555	10	10	1.000000	7	7	0	0
S0054:	393	534	0.735955	10	10	1.000000	6	6	0	0
S0055:	397	564	0.703901	9	10	0.900000	4	3	1	0
S0056:	434	588	0.738095	10	10	1.000000	6	6	0	0
S0057:	434	681	0.637298	9	10	0.900000	5	4	0	1
S0058:	403	534	0.754682	10	10	1.000000	3	3	0	0
S0059:	528	771	0.684825	9	10	0.900000	8	6	2	0
S0060:	597	732	0.815574	10	10	1.000000	4	4	0	0
S0061:	495	639	0.774648	10	10	1.000000	2	2	0	0
S0062:	353	576	0.612847	9	10	0.900000	8	7	0	1
S0063:	415	666	0.623123	8	10	0.800000	11	9	0	2
S0064:	456	666	0.684685	9	10	0.900000	5	4	0	1
S0065:	348	513	0.678363	10	10	1.000000	4	4	0	0
S0066:	443	585	0.757265	9	10	0.900000	5	4	0	1
S0067:	349	522	0.668582	10	10	1.000000	2	2	0	0
S0099:	291	519	0.560694	8	10	0.800000	8	6	0	2
S0098:	411	606	0.678218	8	10	0.800000	9	6	1	2
S0097:	360	552	0.652174	10	10	1.000000	6	6	0	0
S0096:	409	597	0.685092	10	10	1.000000	6	6	0	0
S0095:	521	663	0.785822	10	10	1.000000	5	5	0	0
S0094:	340	507	0.670611	9	10	0.900000	5	4	0	1
S0093:	523	642	0.814642	10	10	1.000000	4	4	0	0
S0092:	356	552	0.644928	9	10	0.900000	6	5	0	1
S0091:	479	591	0.810491	10	10	1.000000	4	4	0	0
S0090:	395	606	0.651815	10	10	1.000000	4	4	0	0
S0089:	403	588	0.685374	9	10	0.900000	4	3	0	1
S0088:	450	645	0.697674	9	10	0.900000	8	6	1	1
S0087:	292	549	0.531876	8	10	0.800000	8	6	0	2
S0086:	342	567	0.603175	9	10	0.900000	8	7	0	1
S0085:	468	639	0.732394	10	10	1.000000	4	4	0	0
S0084:	348	522	0.666667	9	10	0.900000	4	3	0	1
S0083:	359	525	0.683810	9	10	0.900000	3	2	0	1
S0082:	444	621	0.714976	8	10	0.800000	8	6	0	2
S0081:	338	558	0.605735	8	10	0.800000	4	2	0	2
S0080:	422	567	0.744268	9	10	0.900000	4	3	0	1
S0079:	459	654	0.701835	9	10	0.900000	7	6	0	1
S0078:	456	633	0.720379	10	10	1.000000	5	5	0	0
S0077:	367	519	0.707129	10	10	1.000000	5	5	0	0
S0076:	325	561	0.579323	8	10	0.800000	8	4	1	2
S0075:	411	537	0.765363	10	10	1.000000	5	5	0	0
S0074:	315	519	0.606936	9	10	0.900000	4	3	0	1
S0073:	450	615	0.731707	9	10	0.900000	4	3	0	1
S0072:	426	606	0.702970	10	10	1.000000	6	6	0	0
S0071:	465	603	0.771144	10	10	1.000000	0	0	0	0
S0070:	374	588	0.636054	9	10	0.900000	5	4	0	1
S0069:	350	522	0.670498	7	10	0.700000	5	2	0	3
S0068:	408	555	0.735135	10	10	1.000000	5	5	0	0
S0067:	349	522	0.668582	10	10	1.000000	2	2	0	0
S0066:	443	585	0.757265	9	10	0.900000	5	4	0	1
Ave. :  39954	58692	0.67873172	904	1000	0.904000	566	460	14	91
