The test group: G_3 
sentenceID:/correctFrame/totalFrame/rate_frame/correctSign/groundtruth/rate_sign/distance/insert/delete/substitute
S0000:	247	460	0.536957	3	10	0.300000	7	0	4	3
S0001:	298	490	0.608163	5	10	0.500000	5	0	2	3
S0002:	400	542	0.738007	6	10	0.600000	4	0	4	0
S0003:	428	524	0.816794	8	10	0.800000	2	0	0	2
S0004:	329	420	0.783333	6	10	0.600000	4	0	2	2
S0005:	335	499	0.671343	6	10	0.600000	5	1	1	3
S0006:	376	507	0.741617	8	10	0.800000	6	4	0	2
S0007:	460	530	0.867925	8	10	0.800000	3	1	1	1
S0008:	417	519	0.803468	7	10	0.700000	3	0	1	2
S0009:	304	457	0.665208	7	10	0.700000	5	2	0	3
S0010:	358	477	0.750524	6	10	0.600000	5	1	3	1
S0011:	384	538	0.713755	7	10	0.700000	5	2	0	3
S0012:	384	472	0.813559	6	10	0.600000	4	0	1	3
S0013:	357	474	0.753165	8	10	0.800000	4	2	1	1
S0014:	377	504	0.748016	7	10	0.700000	5	2	1	2
S0015:	304	512	0.593750	6	10	0.600000	6	2	2	2
S0016:	388	532	0.729323	7	10	0.700000	4	1	1	2
S0017:	360	502	0.717131	7	10	0.700000	4	1	1	2
S0018:	381	515	0.739806	7	10	0.700000	4	1	2	1
S0019:	361	462	0.781385	7	10	0.700000	5	2	0	3
S0020:	429	515	0.833010	8	10	0.800000	2	0	2	0
S0021:	493	616	0.800325	8	10	0.800000	2	0	2	0
S0022:	361	489	0.738241	7	10	0.700000	5	2	1	2
S0023:	539	617	0.873582	7	10	0.700000	3	0	1	2
S0024:	413	582	0.709622	7	10	0.700000	5	2	1	2
S0025:	443	532	0.832707	10	10	1.000000	2	2	0	0
S0026:	344	556	0.618705	6	10	0.600000	6	2	3	1
S0027:	431	567	0.760141	8	10	0.800000	3	1	2	0
S0028:	534	668	0.799401	9	10	0.900000	3	2	1	0
S0029:	392	502	0.780876	9	10	0.900000	3	2	0	1
S0030:	344	471	0.730361	7	10	0.700000	4	1	1	2
S0031:	393	518	0.758687	8	10	0.800000	5	2	2	1
S0032:	390	529	0.737240	7	10	0.700000	4	1	2	1
S0033:	408	520	0.784615	8	10	0.800000	2	0	1	1
S0034:	367	506	0.725296	8	10	0.800000	5	2	1	2
S0035:	470	561	0.837790	8	10	0.800000	3	1	0	2
S0036:	344	447	0.769575	7	10	0.700000	4	1	0	3
S0037:	323	455	0.709890	5	10	0.500000	5	0	1	4
S0038:	335	489	0.685072	7	10	0.700000	5	2	1	2
S0039:	418	543	0.769797	7	10	0.700000	6	3	2	1
S0040:	333	584	0.570205	7	10	0.700000	5	2	2	1
S0041:	358	470	0.761702	7	10	0.700000	4	1	2	1
S0042:	345	482	0.715768	5	10	0.500000	7	2	3	2
S0043:	355	457	0.776805	8	10	0.800000	2	0	1	1
S0044:	403	563	0.715808	7	10	0.700000	5	2	0	3
S0045:	473	627	0.754386	8	10	0.800000	2	0	0	2
S0046:	395	513	0.769981	8	10	0.800000	4	1	1	2
S0047:	396	538	0.736059	7	10	0.700000	3	0	0	3
S0048:	489	648	0.754630	6	10	0.600000	5	0	1	4
S0049:	493	624	0.790064	9	10	0.900000	2	0	1	1
S0050:	350	489	0.715746	4	10	0.400000	6	0	4	2
S0051:	411	527	0.779886	6	10	0.600000	5	1	3	1
S0052:	455	589	0.772496	8	10	0.800000	3	1	0	2
S0053:	477	573	0.832461	10	10	1.000000	1	1	0	0
S0054:	393	472	0.832627	9	10	0.900000	5	4	1	0
S0055:	397	503	0.789264	6	10	0.600000	4	0	3	1
S0056:	434	528	0.821970	9	10	0.900000	3	2	1	0
S0057:	434	621	0.698873	8	10	0.800000	4	2	0	2
S0058:	403	474	0.850211	8	10	0.800000	3	1	1	1
S0059:	528	709	0.744711	6	10	0.600000	5	0	3	2
S0060:	597	670	0.891045	9	10	0.900000	3	2	0	1
S0061:	495	577	0.857886	8	10	0.800000	2	0	1	1
S0062:	353	516	0.684109	8	10	0.800000	5	3	1	1
S0063:	415	604	0.687086	7	10	0.700000	6	3	2	1
S0064:	456	605	0.753719	8	10	0.800000	3	1	1	1
S0065:	348	451	0.771619	8	10	0.800000	3	1	1	1
S0066:	443	525	0.843810	9	10	0.900000	1	0	1	0
S0067:	349	460	0.758696	7	10	0.700000	3	0	3	0
S0068:	408	494	0.825911	8	10	0.800000	2	0	1	1
S0069:	350	461	0.759219	6	10	0.600000	5	1	1	3
S0070:	374	527	0.709677	7	10	0.700000	3	0	1	2
S0071:	465	541	0.859519	9	10	0.900000	1	0	1	0
S0072:	426	546	0.780220	8	10	0.800000	3	1	1	1
S0073:	450	555	0.810811	7	10	0.700000	3	0	2	1
S0074:	315	459	0.686275	5	10	0.500000	5	0	2	3
S0075:	411	477	0.861635	9	10	0.900000	2	1	1	0
S0076:	325	500	0.650000	7	10	0.700000	5	1	2	2
S0077:	367	457	0.803063	9	10	0.900000	2	1	0	1
S0078:	456	573	0.795812	9	10	0.900000	1	0	0	1
S0079:	459	594	0.772727	9	10	0.900000	5	4	0	1
S0080:	422	506	0.833992	8	10	0.800000	3	1	1	1
S0081:	338	497	0.680080	6	10	0.600000	4	0	2	2
S0082:	444	561	0.791444	7	10	0.700000	3	0	2	1
S0083:	359	463	0.775378	8	10	0.800000	3	1	1	1
S0084:	348	460	0.756522	8	10	0.800000	2	0	1	1
S0085:	468	578	0.809689	7	10	0.700000	4	1	3	0
S0086:	342	506	0.675889	5	10	0.500000	5	0	3	2
S0087:	292	487	0.599589	7	10	0.700000	4	1	0	3
S0088:	450	584	0.770548	8	10	0.800000	5	2	1	2
S0089:	403	528	0.763258	8	10	0.800000	3	1	1	1
S0090:	395	544	0.726103	8	10	0.800000	5	3	1	1
S0091:	479	529	0.905482	9	10	0.900000	3	2	0	1
S0092:	356	490	0.726531	6	10	0.600000	4	0	1	3
S0093:	523	582	0.898625	10	10	1.000000	2	2	0	0
S0094:	340	445	0.764045	7	10	0.700000	4	1	2	1
S0095:	521	603	0.864013	8	10	0.800000	4	2	1	1
S0096:	409	535	0.764486	8	10	0.800000	4	2	0	2
S0097:	360	491	0.733198	8	10	0.800000	3	1	1	1
S0098:	411	546	0.752747	5	10	0.500000	6	0	3	3
S0099:	291	458	0.635371	6	10	0.600000	4	0	1	3
Ave.:	39954	52595	0.759654	733	1000	0.733000	383	107	125	151 
