The test group: G_3 
sentenceID:/correctFrame/totalFrame/rate_frame/correctSign/groundtruth/rate_sign/distance/insert/delete/substitute
S0000:	183	480	0.381250	5	10	0.500000	5	0	1	3
S0001:	227	510	0.445098	7	10	0.700000	3	0	3	0
S0002:	268	562	0.476868	7	10	0.700000	3	0	3	0
S0003:	301	544	0.553309	6	10	0.600000	6	2	3	1
S0004:	281	440	0.638636	7	10	0.700000	4	1	2	1
S0005:	241	519	0.464355	5	10	0.500000	7	2	3	2
S0006:	237	527	0.449715	6	10	0.600000	4	0	4	0
S0007:	386	550	0.701818	8	10	0.800000	2	0	2	0
S0008:	310	539	0.575139	6	10	0.600000	4	0	2	2
S0009:	155	477	0.324948	4	10	0.400000	7	1	5	1
S0010:	343	497	0.690141	7	10	0.700000	4	1	3	0
S0011:	254	558	0.455197	6	10	0.600000	5	1	3	1
S0012:	281	492	0.571138	6	10	0.600000	6	2	2	2
S0013:	228	494	0.461538	5	10	0.500000	6	1	3	2
S0014:	238	524	0.454198	7	10	0.700000	3	0	3	0
S0015:	340	532	0.639098	9	10	0.900000	6	5	0	1
S0016:	215	552	0.389493	7	10	0.700000	3	0	0	3
S0017:	226	522	0.432950	5	10	0.500000	6	1	5	0
S0018:	312	535	0.583178	7	10	0.700000	6	3	3	0
S0019:	360	482	0.746888	9	10	0.900000	2	1	1	0
S0020:	377	535	0.704673	9	10	0.900000	3	2	1	0
S0021:	270	636	0.424528	6	10	0.600000	4	0	3	1
S0022:	310	509	0.609037	8	10	0.800000	2	0	2	0
S0023:	471	637	0.739403	9	10	0.900000	2	1	1	0
S0024:	281	602	0.466777	7	10	0.700000	5	2	2	1
S0025:	364	552	0.659420	8	10	0.800000	3	1	2	0
S0026:	317	576	0.550347	9	10	0.900000	6	5	0	1
S0027:	399	587	0.679727	8	10	0.800000	4	2	2	0
S0028:	357	688	0.518895	9	10	0.900000	2	1	1	0
S0029:	295	522	0.565134	7	10	0.700000	4	1	2	1
S0030:	195	491	0.397149	5	10	0.500000	5	0	5	0
S0031:	356	538	0.661710	9	10	0.900000	5	4	0	1
S0032:	294	549	0.535519	8	10	0.800000	4	2	2	0
S0033:	317	540	0.587037	8	10	0.800000	2	0	2	0
S0034:	306	526	0.581749	8	10	0.800000	5	2	3	0
S0035:	358	581	0.616179	8	10	0.800000	2	0	1	1
S0036:	181	467	0.387580	5	10	0.500000	5	0	4	1
S0037:	313	475	0.658947	7	10	0.700000	4	1	2	1
S0038:	255	509	0.500982	6	10	0.600000	4	0	2	2
S0039:	384	563	0.682060	7	10	0.700000	3	0	2	1
S0040:	278	604	0.460265	6	10	0.600000	5	1	3	1
S0041:	250	490	0.510204	7	10	0.700000	4	1	3	0
S0042:	221	502	0.440239	6	10	0.600000	7	3	4	0
S0043:	322	477	0.675052	9	10	0.900000	1	0	1	0
S0044:	326	583	0.559177	7	10	0.700000	3	0	2	1
S0045:	295	647	0.455951	6	10	0.600000	4	0	0	4
S0046:	292	533	0.547842	8	10	0.800000	3	0	3	0
S0047:	267	558	0.478495	6	10	0.600000	4	0	3	1
S0048:	393	668	0.588323	7	10	0.700000	4	1	2	1
S0049:	429	644	0.666149	9	10	0.900000	2	1	1	0
S0050:	246	509	0.483301	6	10	0.600000	6	2	0	4
S0051:	376	547	0.687386	8	10	0.800000	2	0	2	0
S0052:	367	609	0.602627	9	10	0.900000	3	2	1	0
S0053:	281	593	0.473862	6	10	0.600000	4	0	4	0
S0054:	187	492	0.380081	4	10	0.400000	6	0	6	0
S0055:	362	523	0.692161	8	10	0.800000	3	1	2	0
S0056:	365	548	0.666058	9	10	0.900000	1	0	1	0
S0057:	317	641	0.494540	7	10	0.700000	5	2	2	1
S0058:	232	494	0.469636	6	10	0.600000	4	0	2	0
S0059:	423	729	0.580247	9	10	0.900000	5	4	1	0
S0060:	361	690	0.523188	8	10	0.800000	3	1	1	1
S0061:	290	597	0.485762	8	10	0.800000	2	0	2	0
S0062:	271	536	0.505597	6	10	0.600000	4	0	4	0
S0063:	311	624	0.498397	7	10	0.700000	3	0	2	1
S0064:	390	625	0.624000	9	10	0.900000	2	1	1	0
S0065:	259	471	0.549894	7	10	0.700000	3	0	2	1
S0066:	392	545	0.719266	8	10	0.800000	2	0	1	1
S0067:	331	480	0.689583	8	10	0.800000	2	0	2	0
S0068:	347	514	0.675097	8	10	0.800000	3	1	1	1
S0069:	217	481	0.451143	6	10	0.600000	5	1	4	0
S0070:	265	547	0.484461	8	10	0.800000	3	1	2	0
S0071:	384	561	0.684492	8	10	0.800000	2	0	2	0
S0072:	332	566	0.586572	7	10	0.700000	3	0	1	2
S0073:	321	575	0.558261	8	10	0.800000	3	1	2	0
S0074:	306	479	0.638831	8	10	0.800000	3	1	1	1
S0075:	351	497	0.706237	8	10	0.800000	2	0	2	0
S0076:	271	520	0.521154	8	10	0.800000	3	1	1	1
S0077:	194	477	0.406709	6	10	0.600000	4	0	4	0
S0078:	227	593	0.382799	7	10	0.700000	3	0	3	0
S0079:	338	614	0.550489	7	10	0.700000	6	3	1	2
S0080:	235	526	0.446768	6	10	0.600000	4	0	4	0
S0081:	323	517	0.624758	7	10	0.700000	3	0	2	1
S0082:	298	581	0.512909	6	10	0.600000	4	0	3	0
S0083:	318	483	0.658385	9	10	0.900000	4	3	1	0
S0084:	350	480	0.729167	9	10	0.900000	2	1	1	0
S0085:	469	598	0.784281	10	10	1.000000	0	0	0	0
S0086:	242	526	0.460076	5	10	0.500000	5	0	2	3
S0087:	325	507	0.641026	8	10	0.800000	3	1	1	1
S0088:	306	604	0.506623	7	10	0.700000	3	0	2	1
S0089:	255	548	0.465328	6	10	0.600000	6	2	3	1
S0090:	420	564	0.744681	10	10	1.000000	2	2	0	0
S0091:	342	549	0.622951	8	10	0.800000	2	0	2	0
S0092:	271	510	0.531373	5	10	0.500000	6	1	3	2
S0093:	398	602	0.661130	9	10	0.900000	1	0	1	0
S0094:	294	465	0.632258	8	10	0.800000	2	0	2	0
S0095:	358	623	0.574639	8	10	0.800000	5	3	2	0
S0096:	316	555	0.569369	8	10	0.800000	2	0	2	0
S0097:	292	511	0.571429	9	10	0.900000	3	2	0	1
S0098:	271	566	0.478799	6	10	0.600000	5	1	1	3
S0099:	231	478	0.483264	6	10	0.600000	6	2	1	3
Ave.:	30487	54595	0.558421	723	1000	0.723000	371	92	205	70 
