The test group: G_19 
sentenceID:/correctFrame/totalFrame/rate_frame/correctSign/groundtruth/rate_sign/distance/insert/delete/substitute
S0000:	489	809	0.604450	8	10	0.800000	7	5	0	2
S0001:	482	762	0.632546	8	10	0.800000	8	6	1	1
S0002:	476	808	0.589109	8	10	0.800000	6	4	0	2
S0003:	460	818	0.562347	8	10	0.800000	10	8	0	2
S0004:	491	804	0.610697	10	10	1.000000	12	10	1	0
S0005:	531	865	0.613873	7	10	0.700000	9	6	0	3
S0006:	448	797	0.562108	8	10	0.800000	8	6	0	2
S0007:	552	813	0.678967	8	10	0.800000	8	6	1	1
S0008:	617	793	0.778058	10	10	1.000000	9	9	0	0
S0009:	598	887	0.674183	8	10	0.800000	9	7	0	2
S0010:	363	788	0.460660	6	10	0.600000	12	8	0	4
S0011:	551	860	0.640698	9	10	0.900000	14	13	0	1
S0012:	418	777	0.537967	8	10	0.800000	11	9	0	2
S0013:	343	820	0.418293	6	10	0.600000	11	7	0	4
S0014:	519	802	0.647132	8	10	0.800000	8	6	1	1
S0015:	445	851	0.522914	5	10	0.500000	8	2	1	5
S0016:	424	742	0.571429	9	10	0.900000	11	10	0	1
S0017:	340	743	0.457604	5	10	0.500000	9	4	0	5
S0018:	653	872	0.748853	9	10	0.900000	9	8	0	1
S0019:	363	822	0.441606	7	10	0.700000	11	8	0	3
S0020:	535	763	0.701180	8	10	0.800000	4	2	0	2
S0021:	444	872	0.509174	7	10	0.700000	11	8	0	3
S0022:	429	878	0.488610	6	10	0.600000	11	7	0	4
S0023:	410	762	0.538058	7	10	0.700000	6	3	0	3
S0024:	641	989	0.648129	9	10	0.900000	6	5	0	1
S0025:	650	933	0.696677	9	10	0.900000	7	6	1	0
S0026:	662	886	0.747178	10	10	1.000000	8	8	0	0
S0027:	373	743	0.502019	6	10	0.600000	12	8	0	4
S0028:	568	866	0.655889	8	10	0.800000	11	9	0	2
S0029:	531	804	0.660448	7	10	0.700000	8	5	0	3
S0030:	419	747	0.560910	8	10	0.800000	9	7	0	2
S0031:	458	899	0.509455	6	10	0.600000	9	5	0	4
S0032:	551	791	0.696587	8	10	0.800000	12	10	0	2
S0033:	466	827	0.563482	7	10	0.700000	7	4	0	3
S0034:	508	840	0.604762	7	10	0.700000	7	4	0	3
S0035:	578	782	0.739130	8	10	0.800000	6	4	0	2
S0036:	479	783	0.611750	8	10	0.800000	16	14	0	2
S0037:	327	735	0.444898	7	10	0.700000	8	5	0	3
S0038:	497	816	0.609069	9	10	0.900000	5	4	0	1
S0039:	387	794	0.487406	9	10	0.900000	11	9	1	1
S0040:	370	789	0.468948	7	10	0.700000	14	11	0	3
S0041:	622	800	0.777500	10	10	1.000000	5	5	0	0
S0042:	579	876	0.660959	9	10	0.900000	8	7	0	1
S0043:	550	802	0.685786	9	10	0.900000	7	6	0	1
S0044:	469	723	0.648686	9	10	0.900000	6	5	0	1
S0045:	416	757	0.549538	6	10	0.600000	7	3	0	4
S0046:	483	797	0.606023	8	10	0.800000	4	2	0	2
S0047:	460	839	0.548272	8	10	0.800000	12	10	0	2
S0048:	385	794	0.484887	7	10	0.700000	10	7	0	3
S0049:	465	780	0.596154	7	10	0.700000	7	4	0	3
S0050:	214	701	0.305278	4	10	0.400000	13	7	0	6
S0051:	519	809	0.641533	9	10	0.900000	8	7	0	1
S0052:	508	926	0.548596	8	10	0.800000	9	7	0	2
S0053:	392	741	0.529015	7	10	0.700000	14	11	0	3
S0054:	509	724	0.703039	9	10	0.900000	7	6	0	1
S0055:	457	773	0.591203	6	10	0.600000	8	4	0	4
S0056:	523	777	0.673102	9	10	0.900000	7	5	1	1
S0057:	506	847	0.597403	10	10	1.000000	6	6	0	0
S0058:	608	959	0.633994	8	10	0.800000	10	7	1	2
S0059:	533	821	0.649208	7	10	0.700000	7	3	1	3
S0060:	467	768	0.608073	8	10	0.800000	8	6	1	1
S0061:	662	972	0.681070	9	10	0.900000	7	5	1	1
S0062:	424	782	0.542199	7	10	0.700000	9	6	0	3
S0063:	306	814	0.375921	7	10	0.700000	16	13	0	3
S0064:	465	855	0.543860	8	10	0.800000	9	7	0	2
S0065:	408	783	0.521073	7	10	0.700000	10	7	0	3
S0066:	433	816	0.530637	7	10	0.700000	15	12	0	3
S0067:	457	750	0.609333	8	10	0.800000	7	5	0	2
S0068:	394	782	0.503836	9	10	0.900000	16	15	0	1
S0069:	522	792	0.659091	8	10	0.800000	5	3	0	2
S0070:	397	664	0.597892	8	10	0.800000	10	8	0	2
S0071:	516	882	0.585034	9	10	0.900000	11	10	0	1
S0072:	366	784	0.466837	8	10	0.800000	16	14	0	2
S0073:	438	802	0.546135	7	10	0.700000	9	6	0	3
S0074:	401	819	0.489621	9	10	0.900000	11	10	0	1
S0075:	464	811	0.572133	8	10	0.800000	12	10	0	2
S0076:	650	912	0.712719	10	10	1.000000	9	9	0	0
S0077:	390	799	0.488110	7	10	0.700000	10	7	0	3
S0078:	550	866	0.635104	8	10	0.800000	7	5	0	2
S0079:	423	765	0.552941	6	10	0.600000	12	8	0	4
S0080:	470	768	0.611979	8	10	0.800000	12	10	0	2
S0081:	639	900	0.710000	10	10	1.000000	6	5	1	0
S0082:	429	723	0.593361	8	10	0.800000	6	4	0	2
S0083:	563	912	0.617325	9	10	0.900000	11	9	1	1
S0084:	639	939	0.680511	9	10	0.900000	11	8	1	1
S0085:	579	777	0.745174	9	10	0.900000	8	7	0	1
S0086:	604	857	0.704784	9	10	0.900000	3	2	1	0
S0087:	637	790	0.806329	10	10	1.000000	2	2	0	0
S0088:	556	916	0.606987	8	10	0.800000	7	5	0	2
S0089:	563	808	0.696782	9	10	0.900000	8	6	1	1
S0090:	561	786	0.713740	9	10	0.900000	7	6	0	1
S0091:	433	832	0.520433	7	10	0.700000	8	5	0	3
S0092:	418	835	0.500599	8	10	0.800000	11	9	0	2
S0093:	359	759	0.472991	7	10	0.700000	8	5	0	3
S0094:	633	810	0.781481	8	10	0.800000	4	2	1	1
S0095:	445	773	0.575679	8	10	0.800000	15	13	0	2
S0096:	521	825	0.631515	9	10	0.900000	14	13	0	1
S0097:	456	827	0.551391	8	10	0.800000	10	8	0	2
S0098:	657	806	0.815136	10	10	1.000000	5	5	0	0
S0099:	550	892	0.616592	8	10	0.800000	8	6	0	2
Ave.:	48889	81531	0.599637	795	1000	0.795000	906	688	18	198 
