The test group: G_1 
sentenceID:/correctFrame/totalFrame/rate_frame/correctSign/groundtruth/rate_sign/distance/insert/delete/substitute
S0000:	215	604	0.355960	6	10	0.600000	5	1	2	1
S0001:	172	602	0.285714	4	10	0.400000	7	1	4	2
S0002:	196	642	0.305296	5	10	0.500000	7	2	3	2
S0003:	148	570	0.259649	2	10	0.200000	8	0	5	3
S0004:	279	542	0.514760	9	10	0.900000	12	11	1	0
S0005:	295	532	0.554511	7	10	0.700000	3	0	3	0
S0006:	305	618	0.493528	7	10	0.700000	3	0	1	0
S0007:	409	610	0.670492	8	10	0.800000	4	2	1	1
S0008:	306	669	0.457399	7	10	0.700000	3	0	2	1
S0009:	106	616	0.172078	2	10	0.200000	10	2	0	8
S0010:	331	582	0.568729	7	10	0.700000	3	0	1	2
S0011:	282	576	0.489583	6	10	0.600000	4	0	3	1
S0012:	204	564	0.361702	7	10	0.700000	11	8	2	1
S0013:	253	565	0.447788	6	10	0.600000	4	0	3	1
S0014:	80	654	0.122324	2	10	0.200000	8	0	1	7
S0015:	182	564	0.322695	6	10	0.600000	8	4	2	2
S0016:	311	593	0.524452	7	10	0.700000	3	0	3	0
S0017:	252	580	0.434483	6	10	0.600000	4	0	4	0
S0018:	400	575	0.695652	9	10	0.900000	6	5	0	1
S0019:	249	598	0.416388	6	10	0.600000	4	0	3	1
S0020:	186	516	0.360465	4	10	0.400000	6	0	3	3
S0021:	191	640	0.298438	7	10	0.700000	5	2	2	1
S0022:	235	609	0.385878	6	10	0.600000	4	0	3	1
S0023:	336	681	0.493392	7	10	0.700000	5	2	3	0
S0024:	288	634	0.454259	7	10	0.700000	4	1	2	1
S0025:	334	552	0.605072	8	10	0.800000	6	4	2	0
S0026:	326	651	0.500768	7	10	0.700000	5	2	1	2
S0027:	351	587	0.597956	8	10	0.800000	2	0	1	1
S0028:	360	701	0.513552	8	10	0.800000	9	7	0	2
S0029:	273	562	0.485765	6	10	0.600000	7	3	1	3
S0030:	126	517	0.243714	4	10	0.400000	6	0	6	0
S0031:	264	647	0.408037	8	10	0.800000	16	14	2	0
S0032:	325	644	0.504658	7	10	0.700000	3	0	3	0
S0033:	422	653	0.646248	8	10	0.800000	5	3	1	1
S0034:	293	573	0.511344	7	10	0.700000	3	0	3	0
S0035:	272	590	0.461017	6	10	0.600000	4	0	4	0
S0036:	187	545	0.343119	5	10	0.500000	5	0	4	1
S0037:	299	568	0.526408	5	10	0.500000	6	1	0	5
S0038:	150	539	0.278293	5	10	0.500000	5	0	2	3
S0039:	322	612	0.526144	8	10	0.800000	2	0	1	1
S0040:	407	630	0.646032	9	10	0.900000	6	4	2	0
S0041:	205	575	0.356522	5	10	0.500000	5	0	3	0
S0042:	232	608	0.381579	7	10	0.700000	5	2	2	1
S0043:	175	487	0.359343	6	10	0.600000	4	0	3	1
S0044:	320	623	0.513644	8	10	0.800000	4	2	2	0
S0045:	358	681	0.525698	7	10	0.700000	5	2	2	1
S0046:	345	581	0.593804	8	10	0.800000	4	2	2	0
S0047:	225	616	0.365260	6	10	0.600000	8	4	1	3
S0048:	310	703	0.440967	5	10	0.500000	5	0	5	0
S0049:	364	721	0.504854	7	10	0.700000	4	1	0	3
S0050:	356	543	0.655617	8	10	0.800000	4	2	0	2
S0051:	373	640	0.582812	7	10	0.700000	3	0	2	1
S0052:	309	642	0.481308	6	10	0.600000	4	0	2	2
S0053:	222	642	0.345794	5	10	0.500000	5	0	5	0
S0054:	213	573	0.371728	5	10	0.500000	6	1	4	1
S0055:	208	583	0.356775	7	10	0.700000	7	4	3	0
S0056:	122	548	0.222628	3	10	0.300000	7	0	4	3
S0057:	239	646	0.369969	6	10	0.600000	5	1	4	0
S0058:	335	654	0.512232	6	10	0.600000	6	2	4	0
S0059:	350	716	0.488827	7	10	0.700000	6	3	2	1
S0060:	393	726	0.541322	7	10	0.700000	3	0	3	0
S0061:	303	695	0.435971	7	10	0.700000	4	1	1	2
S0062:	125	554	0.225632	4	10	0.400000	6	0	4	0
S0063:	352	634	0.555205	9	10	0.900000	5	4	0	1
S0064:	303	657	0.461187	7	10	0.700000	4	1	3	0
S0065:	212	517	0.410058	8	10	0.800000	7	5	1	1
S0066:	249	532	0.468045	7	10	0.700000	5	2	1	2
S0067:	279	560	0.498214	7	10	0.700000	4	0	4	0
S0068:	272	554	0.490975	6	10	0.600000	4	0	3	1
S0069:	159	558	0.284946	4	10	0.400000	7	1	3	3
S0070:	275	603	0.456053	7	10	0.700000	8	5	1	2
S0071:	353	667	0.529235	7	10	0.700000	4	1	0	3
S0072:	403	666	0.605105	9	10	0.900000	5	4	1	0
S0073:	306	615	0.497561	6	10	0.600000	5	1	3	1
S0074:	302	576	0.524306	7	10	0.700000	4	1	1	2
S0075:	252	529	0.476371	6	10	0.600000	7	3	1	3
S0076:	244	587	0.415673	6	10	0.600000	7	2	4	1
S0077:	241	564	0.427305	7	10	0.700000	9	6	1	2
S0078:	371	657	0.564688	7	10	0.700000	4	1	2	1
S0079:	319	706	0.451841	6	10	0.600000	7	3	3	1
S0080:	329	579	0.568221	8	10	0.800000	4	2	2	0
S0081:	250	566	0.441696	7	10	0.700000	4	1	3	0
S0082:	121	601	0.201331	4	10	0.400000	7	1	6	0
S0083:	264	565	0.467257	8	10	0.800000	11	9	1	1
S0084:	282	555	0.508108	6	10	0.600000	4	0	2	2
S0085:	400	611	0.654664	9	10	0.900000	1	0	1	0
S0086:	366	591	0.619289	8	10	0.800000	3	1	2	0
S0087:	326	541	0.602588	8	10	0.800000	9	7	1	1
S0088:	215	666	0.322823	5	10	0.500000	7	2	2	3
S0089:	273	557	0.490126	7	10	0.700000	6	3	3	0
S0090:	462	651	0.709677	9	10	0.900000	5	4	1	0
S0091:	367	643	0.570762	7	10	0.700000	3	0	3	0
S0092:	357	592	0.603041	8	10	0.800000	2	0	2	0
S0093:	371	666	0.557057	8	10	0.800000	4	2	2	0
S0094:	160	535	0.299065	5	10	0.500000	9	4	4	1
S0095:	368	704	0.522727	6	10	0.600000	7	3	1	3
S0096:	280	635	0.440945	7	10	0.700000	4	1	1	2
S0097:	343	559	0.613596	7	10	0.700000	5	2	1	2
S0098:	329	687	0.478894	7	10	0.700000	7	4	1	2
S0099:	206	518	0.397683	6	10	0.600000	5	1	4	0
Ave.:	27965	60468	0.462476	652	1000	0.652000	544	193	223	121 
