The test group: G_1 
sentenceID:/correctFrame/totalFrame/rate_frame/correctSign/groundtruth/rate_sign/distance/insert/delete/substitute
S0000:	454	721	0.629681	7	10	0.700000	5	1	3	1
S0001:	384	652	0.588957	6	10	0.600000	6	1	3	2
S0002:	347	650	0.533846	6	10	0.600000	7	2	3	2
S0003:	407	543	0.749540	7	10	0.700000	6	2	3	1
S0004:	274	563	0.486679	4	10	0.400000	7	0	5	2
S0005:	514	763	0.673657	5	10	0.500000	7	1	3	3
S0006:	482	685	0.703650	7	10	0.700000	6	2	1	3
S0007:	418	652	0.641104	7	10	0.700000	5	0	3	1
S0008:	612	741	0.825911	9	10	0.900000	5	3	1	1
S0009:	277	609	0.454844	3	10	0.300000	8	0	4	4
S0010:	300	607	0.494234	4	10	0.400000	8	1	4	3
S0011:	333	570	0.584211	5	10	0.500000	9	4	1	4
S0012:	318	583	0.545455	5	10	0.500000	5	0	2	3
S0013:	445	600	0.741667	8	10	0.800000	3	0	3	0
S0014:	483	595	0.811765	7	10	0.700000	5	1	3	1
S0015:	127	575	0.220870	2	10	0.200000	9	0	7	2
S0016:	187	577	0.324090	3	10	0.300000	8	1	5	2
S0017:	595	687	0.866084	8	10	0.800000	5	2	2	1
S0018:	417	634	0.657729	7	10	0.700000	6	2	2	2
S0019:	409	605	0.676033	6	10	0.600000	6	1	4	1
S0020:	374	632	0.591772	7	10	0.700000	5	2	2	1
S0021:	302	552	0.547101	4	10	0.400000	8	2	4	2
S0022:	181	641	0.282371	2	10	0.200000	8	0	3	5
S0023:	257	607	0.423394	5	10	0.500000	8	1	4	2
S0024:	438	670	0.653731	6	10	0.600000	4	0	2	2
S0025:	397	585	0.678632	6	10	0.600000	5	0	4	1
S0026:	304	637	0.477237	4	10	0.400000	8	1	2	5
S0027:	248	650	0.381538	4	10	0.400000	7	1	5	1
S0028:	265	588	0.450680	5	10	0.500000	7	2	3	2
S0029:	514	663	0.775264	6	10	0.600000	5	1	1	3
S0030:	446	687	0.649199	7	10	0.700000	6	3	1	2
S0031:	458	682	0.671554	4	10	0.400000	8	0	6	1
S0032:	515	722	0.713296	6	10	0.600000	6	2	0	4
S0033:	269	574	0.468641	3	10	0.300000	10	2	3	5
S0034:	258	589	0.438031	3	10	0.300000	8	0	4	4
S0035:	427	680	0.627941	7	10	0.700000	8	4	1	3
S0036:	446	738	0.604336	4	10	0.400000	7	0	6	1
S0037:	334	601	0.555740	6	10	0.600000	6	1	4	1
S0038:	292	682	0.428152	4	10	0.400000	8	1	2	5
S0039:	257	517	0.497099	5	10	0.500000	6	1	3	2
S0040:	475	690	0.688406	5	10	0.500000	8	2	5	1
S0041:	535	635	0.842520	8	10	0.800000	3	0	3	0
S0042:	349	669	0.521674	5	10	0.500000	7	2	1	4
S0043:	303	545	0.555963	2	10	0.200000	9	0	6	3
S0044:	381	648	0.587963	4	10	0.400000	7	0	4	3
S0045:	119	628	0.189490	2	10	0.200000	10	2	4	4
S0046:	334	621	0.537842	4	10	0.400000	7	0	5	2
S0047:	404	643	0.628305	7	10	0.700000	4	0	4	0
S0048:	561	702	0.799145	8	10	0.800000	6	3	3	0
S0049:	381	617	0.617504	6	10	0.600000	5	0	3	2
S0050:	484	688	0.703488	6	10	0.600000	7	0	4	1
S0051:	483	634	0.761830	7	10	0.700000	4	0	4	0
S0052:	331	665	0.497744	4	10	0.400000	7	0	7	0
S0053:	570	742	0.768194	8	10	0.800000	5	2	1	2
S0054:	175	571	0.306480	3	10	0.300000	8	0	7	1
S0055:	443	644	0.687888	7	10	0.700000	6	2	3	1
S0056:	309	655	0.471756	5	10	0.500000	7	1	4	2
S0057:	333	666	0.500000	6	10	0.600000	6	1	3	2
S0058:	298	619	0.481422	4	10	0.400000	8	0	6	1
S0059:	438	722	0.606648	5	10	0.500000	6	0	4	2
S0060:	267	606	0.440594	5	10	0.500000	6	0	5	1
S0061:	350	676	0.517751	6	10	0.600000	6	2	2	2
S0062:	233	599	0.388982	5	10	0.500000	7	1	2	4
S0063:	426	632	0.674051	7	10	0.700000	5	1	4	0
S0064:	277	489	0.566462	4	10	0.400000	9	3	2	4
S0065:	121	595	0.203361	1	10	0.100000	9	0	4	5
S0066:	349	623	0.560193	5	10	0.500000	6	0	6	0
S0067:	272	654	0.415902	3	10	0.300000	8	1	0	7
S0068:	282	656	0.429878	4	10	0.400000	11	1	3	4
S0069:	291	554	0.525271	4	10	0.400000	10	3	3	4
S0070:	397	636	0.624214	6	10	0.600000	6	2	2	2
S0071:	469	602	0.779070	7	10	0.700000	6	0	3	1
S0072:	337	627	0.537480	5	10	0.500000	6	0	6	0
S0073:	199	599	0.332220	4	10	0.400000	6	0	3	3
S0074:	597	723	0.825726	8	10	0.800000	5	2	1	2
S0075:	279	614	0.454397	5	10	0.500000	6	0	2	4
S0076:	211	574	0.367596	3	10	0.300000	7	0	6	1
S0077:	389	690	0.563768	4	10	0.400000	7	0	2	5
S0078:	356	639	0.557121	5	10	0.500000	6	1	4	1
S0079:	229	574	0.398955	3	10	0.300000	7	0	3	4
S0080:	538	698	0.770774	7	10	0.700000	4	0	4	0
S0081:	610	771	0.791180	6	10	0.600000	5	0	2	3
S0082:	334	682	0.489736	3	10	0.300000	7	0	5	2
S0083:	275	549	0.500911	6	10	0.600000	5	0	4	1
S0084:	360	707	0.509194	5	10	0.500000	7	1	3	3
S0085:	407	715	0.569231	2	10	0.200000	8	0	1	7
S0086:	265	719	0.368567	3	10	0.300000	7	0	4	3
S0087:	192	653	0.294028	2	10	0.200000	8	0	5	3
S0088:	327	491	0.665988	4	10	0.400000	7	0	3	4
S0089:	395	581	0.679862	7	10	0.700000	5	2	2	1
S0090:	302	611	0.494272	5	10	0.500000	6	0	5	1
S0091:	194	630	0.307937	4	10	0.400000	6	0	1	5
S0092:	453	658	0.688450	7	10	0.700000	5	1	3	1
S0093:	393	625	0.628800	7	10	0.700000	5	1	3	1
S0094:	246	764	0.321990	5	10	0.500000	7	1	3	3
S0095:	325	588	0.552721	4	10	0.400000	7	0	7	0
S0096:	391	602	0.649502	5	10	0.500000	9	4	2	3
S0097:	470	689	0.682148	6	10	0.600000	6	1	5	0
S0098:	587	699	0.839771	9	10	0.900000	6	5	0	1
S0099:	264	586	0.450512	5	10	0.500000	6	0	6	0
Ave.:	36130	63693	0.567252	516	1000	0.516000	659	96	334	218 
