The test group: G_1 
sentenceID:/correctFrame/totalFrame/rate_frame/correctSign/groundtruth/rate_sign/distance/insert/delete/substitute
S0000:	325	584	0.556507	7	10	0.700000	4	1	0	3
S0001:	432	582	0.742268	10	10	1.000000	1	1	0	0
S0002:	419	622	0.673633	7	10	0.700000	3	0	1	2
S0003:	350	550	0.636364	8	10	0.800000	4	2	1	1
S0004:	378	522	0.724138	9	10	0.900000	1	0	0	1
S0005:	319	512	0.623047	6	10	0.600000	4	0	3	1
S0006:	410	598	0.685619	9	10	0.900000	2	1	0	1
S0007:	410	590	0.694915	9	10	0.900000	2	1	0	1
S0008:	461	649	0.710324	8	10	0.800000	4	2	2	0
S0009:	318	596	0.533557	8	10	0.800000	4	2	1	1
S0010:	381	562	0.677936	7	10	0.700000	3	0	0	3
S0011:	345	556	0.620504	6	10	0.600000	5	1	3	1
S0012:	317	544	0.582721	8	10	0.800000	4	2	1	1
S0013:	424	545	0.777982	9	10	0.900000	1	0	0	1
S0014:	367	634	0.578864	7	10	0.700000	4	1	0	3
S0015:	323	544	0.593750	5	10	0.500000	6	1	0	5
S0016:	396	573	0.691099	7	10	0.700000	4	1	0	3
S0017:	421	560	0.751786	9	10	0.900000	3	2	0	1
S0018:	393	555	0.708108	8	10	0.800000	2	0	2	0
S0019:	316	578	0.546713	6	10	0.600000	4	0	1	3
S0020:	331	496	0.667339	7	10	0.700000	3	0	1	2
S0021:	409	620	0.659677	7	10	0.700000	5	2	1	2
S0022:	449	589	0.762309	9	10	0.900000	3	2	0	1
S0023:	408	661	0.617247	7	10	0.700000	7	4	1	2
S0024:	428	614	0.697068	6	10	0.600000	4	0	2	2
S0025:	422	532	0.793233	8	10	0.800000	4	1	3	0
S0026:	341	631	0.540412	8	10	0.800000	6	4	2	0
S0027:	404	567	0.712522	8	10	0.800000	3	1	0	2
S0028:	470	681	0.690162	7	10	0.700000	6	3	0	3
S0029:	354	542	0.653137	6	10	0.600000	5	1	1	3
S0030:	379	497	0.762575	7	10	0.700000	3	0	3	0
S0031:	398	627	0.634769	8	10	0.800000	2	0	0	2
S0032:	391	624	0.626603	8	10	0.800000	2	0	0	2
S0033:	426	633	0.672986	7	10	0.700000	4	0	3	1
S0034:	378	553	0.683544	8	10	0.800000	4	2	0	2
S0035:	479	570	0.840351	8	10	0.800000	2	0	2	0
S0036:	399	525	0.760000	8	10	0.800000	3	1	0	2
S0037:	368	548	0.671533	4	10	0.400000	6	0	3	3
S0038:	335	519	0.645472	6	10	0.600000	6	2	1	3
S0039:	432	592	0.729730	10	10	1.000000	3	2	1	0
S0040:	408	610	0.668852	8	10	0.800000	3	1	0	2
S0041:	431	555	0.776577	9	10	0.900000	2	1	1	0
S0042:	372	588	0.632653	9	10	0.900000	2	1	0	1
S0043:	299	467	0.640257	7	10	0.700000	4	1	1	2
S0044:	347	603	0.575456	5	10	0.500000	5	0	2	3
S0045:	402	661	0.608169	7	10	0.700000	3	0	1	2
S0046:	391	561	0.696970	8	10	0.800000	2	0	0	2
S0047:	342	596	0.573826	4	10	0.400000	6	0	0	6
S0048:	434	683	0.635432	8	10	0.800000	2	0	0	2
S0049:	413	701	0.589158	8	10	0.800000	3	1	0	2
S0050:	335	523	0.640535	6	10	0.600000	4	0	2	2
S0051:	455	620	0.733871	8	10	0.800000	3	1	0	2
S0052:	454	622	0.729904	8	10	0.800000	3	1	0	2
S0053:	501	622	0.805466	9	10	0.900000	1	0	1	0
S0054:	409	553	0.739602	7	10	0.700000	4	1	1	2
S0055:	414	563	0.735346	7	10	0.700000	3	0	1	2
S0056:	359	528	0.679924	7	10	0.700000	4	1	1	2
S0057:	434	626	0.693291	9	10	0.900000	3	2	1	0
S0058:	471	634	0.742902	9	10	0.900000	1	0	0	1
S0059:	438	696	0.629310	9	10	0.900000	5	4	1	0
S0060:	475	706	0.672805	9	10	0.900000	4	3	0	1
S0061:	496	675	0.734815	8	10	0.800000	3	1	0	2
S0062:	429	534	0.803371	8	10	0.800000	3	0	2	1
S0063:	428	614	0.697068	9	10	0.900000	4	3	0	1
S0064:	453	637	0.711146	9	10	0.900000	2	1	0	1
S0065:	350	497	0.704225	8	10	0.800000	3	1	2	0
S0066:	386	512	0.753906	7	10	0.700000	3	0	2	1
S0067:	385	540	0.712963	8	10	0.800000	3	1	0	2
S0068:	387	534	0.724719	9	10	0.900000	3	2	0	1
S0069:	405	538	0.752788	6	10	0.600000	4	0	4	0
S0070:	394	583	0.675815	9	10	0.900000	3	2	0	1
S0071:	409	647	0.632148	8	10	0.800000	3	1	0	2
S0072:	464	646	0.718266	10	10	1.000000	2	2	0	0
S0073:	436	595	0.732773	8	10	0.800000	4	2	1	1
S0074:	404	556	0.726619	8	10	0.800000	2	0	2	0
S0075:	338	509	0.664047	6	10	0.600000	6	2	1	3
S0076:	384	567	0.677249	8	10	0.800000	4	2	1	1
S0077:	399	544	0.733456	9	10	0.900000	1	0	1	0
S0078:	435	637	0.682889	7	10	0.700000	6	3	1	2
S0079:	417	686	0.607872	8	10	0.800000	4	2	1	1
S0080:	406	559	0.726297	9	10	0.900000	3	2	0	1
S0081:	314	546	0.575092	5	10	0.500000	6	1	2	3
S0082:	384	581	0.660929	8	10	0.800000	2	0	1	1
S0083:	303	545	0.555963	6	10	0.600000	4	0	2	2
S0084:	385	535	0.719626	7	10	0.700000	4	1	2	1
S0085:	417	591	0.705584	8	10	0.800000	3	1	2	0
S0086:	408	571	0.714536	6	10	0.600000	6	1	3	2
S0087:	333	521	0.639155	7	10	0.700000	5	2	2	1
S0088:	467	646	0.722910	8	10	0.800000	3	1	1	1
S0089:	438	537	0.815642	9	10	0.900000	1	0	1	0
S0090:	357	631	0.565769	8	10	0.800000	4	2	1	1
S0091:	435	623	0.698234	9	10	0.900000	2	0	2	0
S0092:	442	572	0.772727	9	10	0.900000	1	0	0	1
S0093:	425	646	0.657895	9	10	0.900000	2	1	0	1
S0094:	301	515	0.584466	4	10	0.400000	6	0	2	4
S0095:	461	684	0.673977	10	10	1.000000	2	2	0	0
S0096:	368	615	0.598374	8	10	0.800000	5	3	1	1
S0097:	309	539	0.573284	5	10	0.500000	6	1	3	2
S0098:	490	667	0.734633	9	10	0.900000	2	1	1	0
S0099:	262	498	0.526104	4	10	0.400000	6	0	3	3
Ave.:	39594	58468	0.677191	762	1000	0.762000	349	105	99	145 
