The test group: G_3 
sentenceID:/correctFrame/totalFrame/rate_frame/correctSign/groundtruth/rate_sign/distance/insert/delete/substitute
S0000:	0	460	0.000000	9	10	0.900000	2	1	0	1
S0001:	0	490	0.000000	9	10	0.900000	3	1	1	1
S0002:	0	542	0.000000	5	10	0.500000	6	0	3	3
S0003:	0	524	0.000000	8	10	0.800000	3	1	2	0
S0004:	0	420	0.000000	8	10	0.800000	4	1	3	0
S0005:	0	499	0.000000	8	10	0.800000	2	0	0	2
S0006:	0	507	0.000000	8	10	0.800000	2	0	2	0
S0007:	0	530	0.000000	10	10	1.000000	1	1	0	0
S0008:	0	519	0.000000	10	10	1.000000	1	0	1	0
S0009:	0	457	0.000000	10	10	1.000000	1	0	1	0
S0010:	0	477	0.000000	9	10	0.900000	3	1	2	0
S0011:	0	538	0.000000	9	10	0.900000	2	1	0	1
S0012:	0	472	0.000000	9	10	0.900000	2	0	1	1
S0013:	0	474	0.000000	9	10	0.900000	1	0	0	1
S0014:	0	504	0.000000	9	10	0.900000	4	2	1	1
S0015:	0	512	0.000000	7	10	0.700000	3	0	3	0
S0016:	0	532	0.000000	8	10	0.800000	4	1	1	2
S0017:	0	502	0.000000	9	10	0.900000	2	1	1	0
S0018:	0	515	0.000000	9	10	0.900000	2	1	1	0
S0019:	0	462	0.000000	7	10	0.700000	4	1	3	0
S0020:	0	515	0.000000	9	10	0.900000	2	0	1	1
S0021:	0	616	0.000000	9	10	0.900000	4	2	1	1
S0022:	0	489	0.000000	9	10	0.900000	1	0	0	1
S0023:	0	617	0.000000	10	10	1.000000	3	3	0	0
S0024:	0	582	0.000000	8	10	0.800000	2	0	1	1
S0025:	0	532	0.000000	9	10	0.900000	2	1	1	0
S0026:	0	556	0.000000	9	10	0.900000	2	1	0	1
S0027:	0	567	0.000000	8	10	0.800000	4	2	1	1
S0028:	0	668	0.000000	7	10	0.700000	6	2	1	3
S0029:	0	502	0.000000	9	10	0.900000	2	1	1	0
S0030:	0	471	0.000000	9	10	0.900000	3	2	0	1
S0031:	0	518	0.000000	7	10	0.700000	5	1	3	1
S0032:	0	529	0.000000	8	10	0.800000	4	1	2	1
S0033:	0	520	0.000000	9	10	0.900000	2	1	1	0
S0034:	0	506	0.000000	9	10	0.900000	2	0	1	1
S0035:	0	561	0.000000	10	10	1.000000	0	0	0	0
S0036:	0	447	0.000000	10	10	1.000000	1	1	0	0
S0037:	0	455	0.000000	4	10	0.400000	6	0	5	1
S0038:	0	489	0.000000	8	10	0.800000	2	0	0	2
S0039:	0	543	0.000000	10	10	1.000000	3	2	1	0
S0040:	0	584	0.000000	9	10	0.900000	2	1	0	1
S0041:	0	470	0.000000	9	10	0.900000	1	0	1	0
S0042:	0	482	0.000000	8	10	0.800000	4	1	1	2
S0043:	0	457	0.000000	10	10	1.000000	0	0	0	0
S0044:	0	563	0.000000	8	10	0.800000	3	0	3	0
S0045:	0	627	0.000000	7	10	0.700000	4	1	0	3
S0046:	0	513	0.000000	10	10	1.000000	1	0	1	0
S0047:	0	538	0.000000	8	10	0.800000	2	0	1	1
S0048:	0	648	0.000000	9	10	0.900000	3	1	1	1
S0049:	0	624	0.000000	9	10	0.900000	3	1	1	1
S0050:	0	489	0.000000	7	10	0.700000	4	0	2	2
S0051:	0	527	0.000000	8	10	0.800000	2	0	2	0
S0052:	0	589	0.000000	8	10	0.800000	4	1	2	1
S0053:	0	573	0.000000	9	10	0.900000	2	1	0	1
S0054:	0	472	0.000000	9	10	0.900000	2	1	1	0
S0055:	0	503	0.000000	9	10	0.900000	3	1	2	0
S0056:	0	528	0.000000	9	10	0.900000	2	1	1	0
S0057:	0	621	0.000000	9	10	0.900000	4	2	1	1
S0058:	0	474	0.000000	10	10	1.000000	0	0	0	0
S0059:	0	709	0.000000	8	10	0.800000	4	2	0	2
S0060:	0	670	0.000000	8	10	0.800000	3	1	2	0
S0061:	0	577	0.000000	8	10	0.800000	3	0	1	2
S0062:	0	516	0.000000	10	10	1.000000	2	1	1	0
S0063:	0	604	0.000000	10	10	1.000000	1	1	0	0
S0064:	0	605	0.000000	8	10	0.800000	5	1	2	1
S0065:	0	451	0.000000	9	10	0.900000	3	1	2	0
S0066:	0	525	0.000000	9	10	0.900000	2	1	0	1
S0067:	0	460	0.000000	8	10	0.800000	2	0	1	1
S0068:	0	494	0.000000	9	10	0.900000	2	1	1	0
S0069:	0	461	0.000000	7	10	0.700000	4	0	2	2
S0070:	0	527	0.000000	9	10	0.900000	2	1	0	1
S0071:	0	541	0.000000	10	10	1.000000	3	2	1	0
S0072:	0	546	0.000000	8	10	0.800000	3	1	1	1
S0073:	0	555	0.000000	10	10	1.000000	3	1	1	0
S0074:	0	459	0.000000	10	10	1.000000	1	1	0	0
S0075:	0	477	0.000000	9	10	0.900000	1	0	0	1
S0076:	0	500	0.000000	9	10	0.900000	3	1	1	1
S0077:	0	457	0.000000	8	10	0.800000	2	0	0	2
S0078:	0	573	0.000000	7	10	0.700000	5	2	1	2
S0079:	0	594	0.000000	9	10	0.900000	2	0	1	1
S0080:	0	506	0.000000	10	10	1.000000	1	0	1	0
S0081:	0	497	0.000000	9	10	0.900000	2	0	1	1
S0082:	0	561	0.000000	9	10	0.900000	2	1	0	1
S0083:	0	463	0.000000	8	10	0.800000	2	0	2	0
S0084:	0	460	0.000000	8	10	0.800000	2	0	2	0
S0085:	0	578	0.000000	8	10	0.800000	3	1	1	1
S0086:	0	506	0.000000	8	10	0.800000	2	0	2	0
S0087:	0	487	0.000000	9	10	0.900000	1	0	1	0
S0088:	0	584	0.000000	8	10	0.800000	3	1	1	1
S0089:	0	528	0.000000	10	10	1.000000	0	0	0	0
S0090:	0	544	0.000000	6	10	0.600000	5	1	0	4
S0091:	0	529	0.000000	10	10	1.000000	0	0	0	0
S0092:	0	490	0.000000	9	10	0.900000	2	0	1	1
S0093:	0	582	0.000000	9	10	0.900000	2	0	2	0
S0094:	0	445	0.000000	10	10	1.000000	1	1	0	0
S0095:	0	603	0.000000	9	10	0.900000	2	1	1	0
S0096:	0	535	0.000000	9	10	0.900000	2	1	0	1
S0097:	0	491	0.000000	6	10	0.600000	4	0	1	3
S0098:	0	546	0.000000	8	10	0.800000	2	0	0	2
S0099:	0	458	0.000000	10	10	1.000000	0	0	0	0
Ave.:	40218	58692	0.685238	862	1000	0.862000	248	70	100	76 
