The test group: G_1 
sentenceID:/correctFrame/totalFrame/rate_frame/correctSign/groundtruth/rate_sign/distance/insert/delete/substitute
S0000:	0	309	0.000000	3	5	0.600000	5	0	3	1
S0001:	0	444	0.000000	4	6	0.666667	8	3	1	2
S0002:	0	363	0.000000	5	6	0.833333	6	1	1	1
S0003:	0	453	0.000000	2	6	0.333333	9	0	2	4
S0004:	0	288	0.000000	1	4	0.250000	5	1	0	4
S0005:	0	234	0.000000	2	3	0.666667	6	1	1	2
S0006:	0	264	0.000000	4	4	1.000000	4	2	1	0
S0008:	0	249	0.000000	3	4	0.750000	5	4	0	1
S0014:	0	255	0.000000	3	3	1.000000	3	0	1	1
S0015:	0	255	0.000000	3	3	1.000000	5	2	1	1
S0016:	0	288	0.000000	4	5	0.800000	5	2	1	1
S0017:	0	318	0.000000	1	4	0.250000	6	2	0	4
S0018:	0	336	0.000000	3	4	0.750000	8	4	1	2
S0021:	0	294	0.000000	3	4	0.750000	5	4	0	1
S0022:	0	354	0.000000	0	4	0.000000	6	0	1	5
S0023:	0	387	0.000000	4	5	0.800000	5	3	0	2
S0024:	0	465	0.000000	5	7	0.714286	6	3	1	2
S0025:	0	309	0.000000	2	4	0.500000	6	2	1	2
S0026:	0	321	0.000000	3	4	0.750000	6	1	1	2
S0027:	0	297	0.000000	2	4	0.500000	6	2	2	1
S0028:	0	240	0.000000	3	3	1.000000	4	2	1	1
S0029:	0	330	0.000000	1	3	0.333333	6	3	0	3
S0030:	0	330	0.000000	3	4	0.750000	6	2	1	2
S0032:	0	384	0.000000	4	6	0.666667	10	8	0	2
S0035:	0	393	0.000000	4	5	0.800000	4	2	0	2
S0036:	0	375	0.000000	2	4	0.500000	4	0	2	2
S0037:	0	384	0.000000	2	4	0.500000	7	1	3	3
S0038:	0	354	0.000000	1	5	0.200000	10	5	0	5
S0039:	0	417	0.000000	3	5	0.600000	6	2	1	3
S0040:	0	306	0.000000	3	5	0.600000	4	1	3	0
S0041:	0	276	0.000000	3	3	1.000000	6	3	1	1
S0042:	0	366	0.000000	3	6	0.500000	5	2	0	3
S0043:	0	369	0.000000	3	5	0.600000	5	0	2	2
S0044:	0	324	0.000000	2	4	0.500000	6	2	1	3
S0045:	0	426	0.000000	1	5	0.200000	8	2	1	5
S0046:	0	357	0.000000	4	5	0.800000	7	3	2	1
S0047:	0	384	0.000000	0	5	0.000000	9	3	0	6
S0049:	0	282	0.000000	2	2	1.000000	5	0	1	2
S0050:	0	354	0.000000	4	4	1.000000	3	0	1	1
S0051:	0	273	0.000000	2	3	0.666667	5	0	2	1
S0052:	0	231	0.000000	1	3	0.333333	5	2	1	2
S0053:	0	303	0.000000	1	4	0.250000	6	3	1	2
S0054:	0	444	0.000000	4	6	0.666667	7	0	1	3
S0055:	0	384	0.000000	3	5	0.600000	3	0	0	3
S0056:	0	387	0.000000	4	6	0.666667	8	5	1	2
S0057:	0	288	0.000000	1	2	0.500000	6	0	1	3
S0058:	0	276	0.000000	2	4	0.500000	4	2	1	1
S0059:	0	477	0.000000	1	5	0.200000	6	0	1	5
S0060:	0	273	0.000000	1	3	0.333333	3	0	0	3
S0061:	0	345	0.000000	4	5	0.800000	5	2	1	2
S0062:	0	390	0.000000	4	6	0.666667	6	2	2	1
S0063:	0	291	0.000000	3	4	0.750000	4	2	1	1
S0064:	0	396	0.000000	5	6	0.833333	4	1	2	0
S0065:	0	399	0.000000	5	5	1.000000	6	3	1	1
S0067:	0	282	0.000000	0	4	0.000000	4	0	0	4
S0068:	0	573	0.000000	5	6	0.833333	10	7	0	3
S0069:	0	363	0.000000	2	5	0.400000	7	0	1	4
S0070:	0	321	0.000000	4	4	1.000000	7	4	1	1
S0071:	0	390	0.000000	1	4	0.250000	4	0	2	2
S0072:	0	465	0.000000	3	6	0.500000	6	1	2	3
S0073:	0	348	0.000000	2	4	0.500000	5	0	2	2
S0074:	0	330	0.000000	1	4	0.250000	5	1	0	4
S0075:	0	396	0.000000	1	3	0.333333	8	2	1	3
S0076:	0	561	0.000000	3	7	0.428571	9	2	1	6
S0077:	0	666	0.000000	3	8	0.375000	13	1	3	5
S0078:	0	360	0.000000	3	4	0.750000	8	7	0	1
S0079:	0	348	0.000000	2	3	0.666667	8	1	1	3
S0080:	0	474	0.000000	4	7	0.571429	8	4	0	4
S0081:	0	447	0.000000	3	5	0.600000	14	10	1	3
S0082:	0	498	0.000000	4	5	0.800000	14	8	1	1
S0083:	0	306	0.000000	5	5	1.000000	5	3	1	0
S0084:	0	351	0.000000	2	3	0.666667	6	2	2	2
S0085:	0	429	0.000000	4	5	0.800000	5	3	1	1
S0086:	0	441	0.000000	3	6	0.500000	6	0	1	3
S0087:	0	357	0.000000	1	5	0.200000	6	2	0	4
S0088:	0	369	0.000000	5	5	1.000000	8	6	1	0
S0089:	0	390	0.000000	5	6	0.833333	8	5	1	1
S0090:	0	390	0.000000	4	5	0.800000	3	1	1	1
S0091:	0	480	0.000000	6	7	0.857143	7	4	1	1
S0092:	0	498	0.000000	5	8	0.625000	10	2	1	3
S0093:	0	318	0.000000	0	3	0.000000	10	6	0	4
S0094:	0	429	0.000000	4	7	0.571429	12	8	1	3
S0095:	0	429	0.000000	2	5	0.400000	7	4	0	3
S0096:	0	279	0.000000	2	3	0.666667	7	4	1	2
S0097:	0	321	0.000000	1	3	0.333333	3	0	0	3
S0098:	0	390	0.000000	3	4	0.750000	4	1	1	2
S0099:	0	543	0.000000	5	6	0.833333	7	4	0	3
S0100:	0	294	0.000000	2	3	0.666667	3	0	3	0
S0101:	0	327	0.000000	4	4	1.000000	6	3	1	1
S0102:	0	384	0.000000	0	2	0.000000	5	0	2	3
S0103:	0	516	0.000000	2	5	0.400000	9	5	1	3
S0104:	0	411	0.000000	1	4	0.250000	6	0	0	6
S0105:	0	588	0.000000	3	8	0.375000	8	1	3	4
S0106:	0	459	0.000000	3	5	0.600000	10	2	2	4
S0107:	0	450	0.000000	5	5	1.000000	8	5	1	1
S0108:	0	585	0.000000	6	8	0.750000	10	2	4	1
S0109:	0	372	0.000000	2	3	0.666667	11	8	1	2
S0110:	0	588	0.000000	2	7	0.285714	10	3	2	5
S0111:	0	552	0.000000	5	6	0.833333	8	4	1	3
S0112:	0	330	0.000000	2	4	0.500000	6	0	1	3
S0113:	0	267	0.000000	3	3	1.000000	6	2	1	1
S0114:	0	294	0.000000	1	3	0.333333	4	0	1	3
S0115:	0	384	0.000000	4	5	0.800000	7	2	1	3
S0117:	0	324	0.000000	4	5	0.800000	10	6	1	1
S0118:	0	597	0.000000	1	9	0.111111	9	0	8	1
S0119:	0	375	0.000000	4	6	0.666667	5	0	3	1
S0120:	0	531	0.000000	5	7	0.714286	8	4	2	2
S0127:	0	237	0.000000	3	3	1.000000	7	3	1	1
S0131:	0	228	0.000000	2	2	1.000000	5	0	1	2
S0132:	0	237	0.000000	2	3	0.666667	3	1	0	2
S0133:	0	225	0.000000	2	3	0.666667	4	1	2	1
S0136:	0	258	0.000000	2	3	0.666667	7	3	1	2
S0138:	0	264	0.000000	1	2	0.500000	6	0	2	2
S0140:	0	225	0.000000	3	3	1.000000	2	0	2	0
S0142:	0	285	0.000000	2	3	0.666667	5	0	1	2
S0143:	0	270	0.000000	2	3	0.666667	5	2	1	2
S0146:	0	297	0.000000	3	4	0.750000	10	2	3	0
S0147:	0	237	0.000000	2	3	0.666667	3	0	3	0
S0151:	0	294	0.000000	3	4	0.750000	7	1	1	2
S0155:	0	330	0.000000	3	5	0.600000	6	2	2	2
S0156:	0	324	0.000000	2	4	0.500000	4	1	0	3
S0157:	0	276	0.000000	4	4	1.000000	5	4	1	0
S0159:	0	303	0.000000	4	5	0.800000	7	3	2	0
S0160:	0	312	0.000000	2	4	0.500000	7	2	2	2
S0161:	0	288	0.000000	3	4	0.750000	6	2	1	2
S0162:	0	246	0.000000	3	3	1.000000	5	1	1	1
S0163:	0	429	0.000000	4	6	0.666667	8	4	1	3
S0167:	0	396	0.000000	3	6	0.500000	8	4	1	3
S0168:	0	252	0.000000	4	4	1.000000	3	1	1	0
S0169:	0	255	0.000000	2	4	0.500000	6	4	0	2
S0170:	0	372	0.000000	1	4	0.250000	7	2	1	4
S0171:	0	339	0.000000	2	4	0.500000	7	0	1	3
S0172:	0	315	0.000000	4	4	1.000000	9	6	1	0
S0173:	0	270	0.000000	1	3	0.333333	9	6	0	3
S0174:	0	255	0.000000	1	3	0.333333	4	1	0	3
S0175:	0	324	0.000000	2	4	0.500000	7	2	1	3
S0176:	0	309	0.000000	2	4	0.500000	5	1	2	2
S0177:	0	264	0.000000	4	4	1.000000	4	2	1	1
S0178:	0	240	0.000000	4	4	1.000000	4	2	1	0
S0195:	0	378	0.000000	5	5	1.000000	6	5	1	0
S0196:	0	417	0.000000	2	6	0.333333	9	5	0	4
S0197:	0	405	0.000000	2	5	0.400000	5	1	1	3
S0198:	0	444	0.000000	4	6	0.666667	8	3	1	2
S0199:	0	351	0.000000	4	5	0.800000	5	1	1	2
S0201:	0	249	0.000000	2	3	0.666667	3	0	1	2
S0202:	0	387	0.000000	3	5	0.600000	10	8	0	2
S0203:	0	297	0.000000	3	4	0.750000	4	2	0	2
S0204:	0	249	0.000000	3	3	1.000000	6	3	1	1
S0205:	0	318	0.000000	4	4	1.000000	6	2	1	1
S0208:	0	483	0.000000	1	7	0.142857	9	3	0	6
Ave.:	0	53595	0.000000	418	814	0.513514	957	346	168	327 
