The test group: G_2 
sentenceID:/correctFrame/totalFrame/rate_frame/correctSign/groundtruth/rate_sign/distance/insert/delete/substitute
S0000:	474	675	0.702222	8	10	0.800000	4	1	1	2
S0001:	376	573	0.656195	7	10	0.700000	5	2	0	3
S0002:	452	603	0.749585	10	10	1.000000	3	3	0	0
S0003:	309	525	0.588571	7	10	0.700000	6	3	0	3
S0004:	246	534	0.460674	5	10	0.500000	8	3	0	5
S0005:	483	651	0.741935	8	10	0.800000	4	2	1	1
S0006:	421	624	0.674679	9	10	0.900000	2	1	0	1
S0007:	451	639	0.705790	9	10	0.900000	5	3	1	1
S0008:	531	651	0.815668	10	10	1.000000	2	2	0	0
S0009:	301	510	0.590196	6	10	0.600000	5	1	1	3
S0010:	334	528	0.632576	7	10	0.700000	4	1	0	3
S0011:	344	546	0.630037	7	10	0.700000	6	3	3	0
S0012:	300	504	0.595238	6	10	0.600000	5	1	1	3
S0013:	331	528	0.626894	8	10	0.800000	4	2	0	2
S0014:	339	546	0.620879	7	10	0.700000	5	2	0	3
S0015:	264	504	0.523810	4	10	0.400000	7	1	2	4
S0016:	394	537	0.733706	9	10	0.900000	1	0	0	1
S0017:	446	627	0.711324	8	10	0.800000	4	2	0	2
S0018:	430	624	0.689103	8	10	0.800000	3	1	0	2
S0019:	361	546	0.661172	7	10	0.700000	7	4	0	3
S0020:	233	588	0.396259	5	10	0.500000	8	3	0	5
S0021:	306	561	0.545455	5	10	0.500000	8	3	0	5
S0022:	236	597	0.395310	5	10	0.500000	10	5	0	5
S0023:	392	576	0.680556	7	10	0.700000	3	0	0	3
S0024:	385	567	0.679012	8	10	0.800000	4	1	2	1
S0025:	398	552	0.721014	7	10	0.700000	5	2	1	2
S0026:	421	606	0.694719	8	10	0.800000	5	3	0	2
S0027:	409	612	0.668301	8	10	0.800000	8	6	0	2
S0028:	350	528	0.662879	6	10	0.600000	5	1	2	2
S0029:	431	648	0.665123	7	10	0.700000	3	0	0	3
S0030:	420	591	0.710660	8	10	0.800000	4	2	0	2
S0031:	414	633	0.654028	6	10	0.600000	7	2	2	3
S0032:	410	636	0.644654	7	10	0.700000	5	2	0	3
S0033:	336	531	0.632768	6	10	0.600000	5	1	1	3
S0034:	361	537	0.672253	8	10	0.800000	4	2	0	2
S0035:	467	657	0.710807	9	10	0.900000	2	1	0	1
S0036:	484	648	0.746914	9	10	0.900000	4	3	0	1
S0037:	275	564	0.487589	6	10	0.600000	8	3	1	4
S0038:	421	609	0.691297	6	10	0.600000	6	2	0	4
S0039:	269	477	0.563941	5	10	0.500000	7	2	2	3
S0040:	400	624	0.641026	7	10	0.700000	5	2	1	2
S0041:	462	570	0.810526	8	10	0.800000	2	0	1	1
S0042:	430	627	0.685805	8	10	0.800000	3	0	2	1
S0043:	204	480	0.425000	4	10	0.400000	7	1	1	5
S0044:	363	549	0.661202	7	10	0.700000	8	5	1	2
S0045:	245	537	0.456238	4	10	0.400000	8	2	3	3
S0046:	330	552	0.597826	7	10	0.700000	4	1	0	3
S0047:	383	555	0.690090	8	10	0.800000	2	0	1	1
S0048:	426	675	0.631111	6	10	0.600000	6	2	2	2
S0049:	440	582	0.756014	8	10	0.800000	2	0	0	2
S0050:	399	630	0.633333	7	10	0.700000	3	0	1	2
S0051:	360	564	0.638298	7	10	0.700000	6	2	1	3
S0052:	312	573	0.544503	5	10	0.500000	8	3	1	4
S0053:	488	702	0.695157	9	10	0.900000	3	2	0	1
S0054:	259	483	0.536232	5	10	0.500000	5	0	1	4
S0055:	408	612	0.666667	7	10	0.700000	4	1	1	2
S0056:	361	594	0.607744	5	10	0.500000	5	0	2	3
S0057:	406	594	0.683502	9	10	0.900000	5	4	0	1
S0058:	298	585	0.509402	5	10	0.500000	8	1	2	4
S0059:	409	615	0.665041	9	10	0.900000	6	4	1	1
S0060:	347	546	0.635531	7	10	0.700000	4	1	0	3
S0061:	365	582	0.627148	7	10	0.700000	4	1	1	2
S0062:	294	585	0.502564	6	10	0.600000	6	2	0	4
S0063:	362	543	0.666667	7	10	0.700000	4	1	0	3
S0064:	267	447	0.597315	5	10	0.500000	5	0	1	4
S0065:	294	576	0.510417	4	10	0.400000	8	2	0	6
S0066:	365	564	0.647163	7	10	0.700000	4	1	2	1
S0067:	329	603	0.545605	7	10	0.700000	7	4	0	3
S0068:	353	588	0.600340	6	10	0.600000	5	1	0	4
S0069:	323	555	0.581982	6	10	0.600000	5	1	2	2
S0070:	494	603	0.819237	9	10	0.900000	2	1	0	1
S0071:	343	561	0.611408	8	10	0.800000	3	1	0	2
S0072:	400	549	0.728597	7	10	0.700000	4	1	0	3
S0073:	265	537	0.493482	3	10	0.300000	8	1	0	7
S0074:	387	657	0.589041	8	10	0.800000	9	7	1	1
S0075:	276	561	0.491979	6	10	0.600000	9	4	1	4
S0076:	295	561	0.525847	3	10	0.300000	8	1	1	6
S0077:	459	621	0.739130	9	10	0.900000	3	2	1	0
S0078:	363	585	0.620513	6	10	0.600000	5	1	0	4
S0079:	338	564	0.599291	4	10	0.400000	7	0	2	5
S0080:	455	606	0.750825	9	10	0.900000	2	1	0	1
S0081:	455	711	0.639944	8	10	0.800000	7	5	0	2
S0082:	450	624	0.721154	8	10	0.800000	3	1	1	1
S0083:	333	498	0.668675	7	10	0.700000	3	0	0	3
S0084:	454	636	0.713836	8	10	0.800000	2	0	0	2
S0085:	400	657	0.608828	6	10	0.600000	4	0	1	3
S0086:	384	630	0.609524	7	10	0.700000	5	0	2	2
S0087:	260	612	0.424837	4	10	0.400000	12	6	1	5
S0088:	291	483	0.602484	5	10	0.500000	6	1	1	4
S0089:	348	516	0.674419	8	10	0.800000	3	1	1	1
S0090:	415	564	0.735816	9	10	0.900000	4	3	1	0
S0091:	286	525	0.544762	4	10	0.400000	6	0	2	4
S0092:	418	600	0.696667	7	10	0.700000	4	1	0	3
S0093:	325	594	0.547138	6	10	0.600000	6	2	0	4
S0094:	441	648	0.680556	8	10	0.800000	4	2	0	2
S0095:	355	543	0.653775	6	10	0.600000	4	0	3	1
S0096:	395	579	0.682211	6	10	0.600000	5	1	2	2
S0097:	383	639	0.599374	8	10	0.800000	6	4	0	2
S0098:	428	597	0.716918	8	10	0.800000	3	1	0	2
S0099:	316	561	0.563280	6	10	0.600000	7	3	0	4
Ave.:	36899	58107	0.635018	684	1000	0.684000	507	177	70	258 
