The test group: G_3 
sentenceID:/correctFrame/totalFrame/rate_frame/correctSign/groundtruth/rate_sign/distance/insert/delete/substitute
S0000:	130	174	0.747126	10	10	1.000000	5	5	0	0
S0001:	153	184	0.831522	9	10	0.900000	2	1	0	1
S0002:	136	201	0.676617	8	10	0.800000	7	5	0	2
S0003:	151	195	0.774359	8	10	0.800000	2	0	0	2
S0004:	117	160	0.731250	9	10	0.900000	3	2	0	1
S0005:	140	187	0.748663	9	10	0.900000	5	4	0	1
S0006:	140	189	0.740741	10	10	1.000000	4	4	0	0
S0007:	165	197	0.837563	10	10	1.000000	2	2	0	0
S0008:	154	193	0.797927	10	10	1.000000	6	5	1	0
S0009:	113	173	0.653179	10	10	1.000000	6	6	0	0
S0010:	151	179	0.843575	10	10	1.000000	3	2	1	0
S0011:	135	200	0.675000	9	10	0.900000	9	8	0	1
S0012:	134	178	0.752809	9	10	0.900000	5	3	1	1
S0013:	144	178	0.808989	9	10	0.900000	3	2	0	1
S0014:	138	188	0.734043	10	10	1.000000	5	5	0	0
S0015:	128	191	0.670157	10	10	1.000000	6	6	0	0
S0016:	154	198	0.777778	10	10	1.000000	4	4	0	0
S0017:	140	188	0.744681	10	10	1.000000	5	5	0	0
S0018:	145	192	0.755208	8	10	0.800000	5	3	0	2
S0019:	127	174	0.729885	10	10	1.000000	4	4	0	0
S0020:	163	192	0.848958	10	10	1.000000	3	2	1	0
S0021:	162	226	0.716814	9	10	0.900000	6	4	1	1
S0022:	151	183	0.825137	10	10	1.000000	0	0	0	0
S0023:	194	226	0.858407	10	10	1.000000	2	2	0	0
S0024:	159	214	0.742991	10	10	1.000000	5	5	0	0
S0025:	164	198	0.828283	9	10	0.900000	2	1	0	1
S0026:	146	206	0.708738	10	10	1.000000	5	5	0	0
S0027:	161	209	0.770335	9	10	0.900000	4	3	0	1
S0028:	188	243	0.773663	9	10	0.900000	6	4	1	1
S0029:	150	188	0.797872	9	10	0.900000	6	5	0	1
S0030:	130	177	0.734463	10	10	1.000000	4	4	0	0
S0031:	160	193	0.829016	10	10	1.000000	4	4	0	0
S0032:	147	197	0.746193	10	10	1.000000	5	5	0	0
S0033:	158	194	0.814433	10	10	1.000000	1	1	0	0
S0034:	140	189	0.740741	9	10	0.900000	7	5	1	1
S0035:	178	207	0.859903	10	10	1.000000	3	3	0	0
S0036:	144	169	0.852071	10	10	1.000000	2	2	0	0
S0037:	126	172	0.732558	8	10	0.800000	3	1	1	1
S0038:	123	183	0.672131	10	10	1.000000	4	4	0	0
S0039:	157	201	0.781095	10	10	1.000000	5	5	0	0
S0040:	141	215	0.655814	10	10	1.000000	5	4	1	0
S0041:	140	177	0.790960	10	10	1.000000	6	6	0	0
S0042:	129	181	0.712707	10	10	1.000000	7	6	1	0
S0043:	141	173	0.815029	10	10	1.000000	2	2	0	0
S0044:	145	208	0.697115	10	10	1.000000	2	2	0	0
S0045:	150	229	0.655022	9	10	0.900000	6	5	0	1
S0046:	144	191	0.753927	10	10	1.000000	4	3	1	0
S0047:	154	200	0.770000	8	10	0.800000	3	1	1	1
S0048:	203	236	0.860169	10	10	1.000000	6	5	1	0
S0049:	167	228	0.732456	9	10	0.900000	4	2	1	1
S0050:	130	183	0.710383	9	10	0.900000	8	7	0	1
S0051:	166	196	0.846939	10	10	1.000000	4	4	0	0
S0052:	182	217	0.838710	10	10	1.000000	3	2	1	0
S0053:	171	211	0.810427	10	10	1.000000	4	4	0	0
S0054:	147	178	0.825843	9	10	0.900000	4	3	0	1
S0055:	158	188	0.840426	9	10	0.900000	3	1	2	0
S0056:	167	196	0.852041	10	10	1.000000	4	4	0	0
S0057:	166	227	0.731278	10	10	1.000000	4	4	0	0
S0058:	140	178	0.786517	9	10	0.900000	5	4	0	1
S0059:	185	257	0.719844	9	10	0.900000	6	5	1	0
S0060:	200	244	0.819672	9	10	0.900000	2	1	0	1
S0061:	181	213	0.849765	9	10	0.900000	4	3	1	0
S0062:	148	192	0.770833	10	10	1.000000	8	7	1	0
S0063:	183	222	0.824324	10	10	1.000000	4	4	0	0
S0064:	173	222	0.779279	9	10	0.900000	9	8	0	1
S0065:	136	171	0.795322	10	10	1.000000	4	3	1	0
S0066:	150	195	0.769231	9	10	0.900000	5	4	0	1
S0067:	132	174	0.758621	10	10	1.000000	5	5	0	0
S0068:	151	185	0.816216	9	10	0.900000	3	2	0	1
S0069:	124	174	0.712644	10	10	1.000000	5	5	0	0
S0070:	154	196	0.785714	10	10	1.000000	4	4	0	0
S0071:	154	201	0.766169	10	10	1.000000	3	3	0	0
S0072:	148	202	0.732673	10	10	1.000000	5	5	0	0
S0073:	156	205	0.760976	10	10	1.000000	4	3	1	0
S0074:	139	173	0.803468	10	10	1.000000	2	2	0	0
S0075:	139	179	0.776536	9	10	0.900000	3	2	0	1
S0076:	146	187	0.780749	9	10	0.900000	3	1	2	0
S0077:	132	173	0.763006	10	10	1.000000	8	8	0	0
S0078:	165	211	0.781991	10	10	1.000000	5	5	0	0
S0079:	171	218	0.784404	10	10	1.000000	4	3	1	0
S0080:	161	189	0.851852	10	10	1.000000	3	3	0	0
S0081:	148	186	0.795699	10	10	1.000000	1	1	0	0
S0082:	172	207	0.830918	10	10	1.000000	1	1	0	0
S0083:	142	175	0.811429	9	10	0.900000	2	1	0	1
S0084:	126	174	0.724138	10	10	1.000000	5	4	1	0
S0085:	178	213	0.835681	10	10	1.000000	1	1	0	0
S0086:	152	189	0.804233	10	10	1.000000	7	7	0	0
S0087:	142	183	0.775956	10	10	1.000000	6	6	0	0
S0088:	175	215	0.813953	9	10	0.900000	8	6	1	1
S0089:	161	196	0.821429	10	10	1.000000	1	1	0	0
S0090:	134	202	0.663366	9	10	0.900000	4	2	1	1
S0091:	173	197	0.878173	10	10	1.000000	1	1	0	0
S0092:	134	184	0.728261	10	10	1.000000	3	3	0	0
S0093:	160	214	0.747664	10	10	1.000000	4	4	0	0
S0094:	135	169	0.798817	10	10	1.000000	3	3	0	0
S0095:	171	221	0.773756	10	10	1.000000	5	5	0	0
S0096:	151	199	0.758794	10	10	1.000000	7	7	0	0
S0097:	119	184	0.646739	8	10	0.800000	4	2	0	2
S0098:	152	202	0.752475	10	10	1.000000	7	6	1	0
S0099:	134	173	0.774566	9	10	0.900000	2	1	0	1
Ave.:	15124	19564	0.773053	958	1000	0.958000	423	358	29	36 
