The test group: G_1 
sentenceID:/correctFrame/totalFrame/rate_frame/correctSign/groundtruth/rate_sign/distance/insert/delete/substitute
S0000:	0	279	0.000000	4	5	0.800000	1	0	1	0
S0001:	0	412	0.000000	4	6	0.666667	2	0	1	1
S0002:	0	333	0.000000	6	6	1.000000	0	0	0	0
S0003:	0	423	0.000000	3	6	0.500000	3	0	2	1
S0004:	0	258	0.000000	1	4	0.250000	4	1	0	3
S0005:	0	203	0.000000	2	3	0.666667	2	1	0	1
S0006:	0	234	0.000000	4	4	1.000000	0	0	0	0
S0008:	0	219	0.000000	2	4	0.500000	2	0	2	0
S0014:	0	225	0.000000	3	3	1.000000	2	1	1	0
S0015:	0	223	0.000000	3	3	1.000000	1	0	1	0
S0016:	0	256	0.000000	4	5	0.800000	2	1	1	0
S0017:	0	286	0.000000	3	4	0.750000	3	1	2	0
S0018:	0	305	0.000000	2	4	0.500000	4	1	2	1
S0021:	0	262	0.000000	4	4	1.000000	2	2	0	0
S0022:	0	322	0.000000	3	4	0.750000	5	2	1	1
S0023:	0	357	0.000000	5	5	1.000000	2	0	1	0
S0024:	0	435	0.000000	5	7	0.714286	2	0	0	2
S0025:	0	279	0.000000	2	4	0.500000	5	3	0	2
S0026:	0	290	0.000000	3	4	0.750000	2	0	2	0
S0027:	0	267	0.000000	3	4	0.750000	2	1	1	0
S0028:	0	209	0.000000	2	3	0.666667	1	0	0	1
S0029:	0	300	0.000000	1	3	0.333333	4	2	1	1
S0030:	0	298	0.000000	2	4	0.500000	3	0	3	0
S0032:	0	352	0.000000	5	6	0.833333	2	1	1	0
S0035:	0	363	0.000000	4	5	0.800000	4	3	0	1
S0036:	0	343	0.000000	3	4	0.750000	1	0	0	1
S0037:	0	353	0.000000	2	4	0.500000	4	1	1	2
S0038:	0	323	0.000000	1	5	0.200000	4	0	2	2
S0039:	0	386	0.000000	2	5	0.400000	5	2	0	3
S0040:	0	275	0.000000	5	5	1.000000	0	0	0	0
S0041:	0	246	0.000000	3	3	1.000000	3	3	0	0
S0042:	0	334	0.000000	4	6	0.666667	3	1	1	1
S0043:	0	337	0.000000	3	5	0.600000	2	0	1	1
S0044:	0	292	0.000000	1	4	0.250000	3	0	2	1
S0045:	0	395	0.000000	2	5	0.400000	5	2	1	2
S0046:	0	326	0.000000	4	5	0.800000	2	1	1	0
S0047:	0	354	0.000000	1	5	0.200000	4	0	3	1
S0049:	0	250	0.000000	2	2	1.000000	1	0	1	0
S0050:	0	323	0.000000	4	4	1.000000	1	1	0	0
S0051:	0	242	0.000000	2	3	0.666667	3	0	1	1
S0052:	0	199	0.000000	2	3	0.666667	1	0	1	0
S0053:	0	273	0.000000	2	4	0.500000	2	0	2	0
S0054:	0	412	0.000000	4	6	0.666667	3	0	2	1
S0055:	0	354	0.000000	5	5	1.000000	1	1	0	0
S0056:	0	356	0.000000	4	6	0.666667	2	0	1	1
S0057:	0	258	0.000000	1	2	0.500000	3	0	2	0
S0058:	0	244	0.000000	3	4	0.750000	1	0	1	0
S0059:	0	445	0.000000	1	5	0.200000	5	1	2	2
S0060:	0	243	0.000000	2	3	0.666667	1	0	0	1
S0061:	0	314	0.000000	3	5	0.600000	3	0	2	1
S0062:	0	360	0.000000	4	6	0.666667	3	1	1	1
S0063:	0	261	0.000000	3	4	0.750000	1	0	1	0
S0064:	0	364	0.000000	6	6	1.000000	0	0	0	0
S0065:	0	369	0.000000	5	5	1.000000	0	0	0	0
S0067:	0	252	0.000000	1	4	0.250000	3	0	1	2
S0068:	0	541	0.000000	5	6	0.833333	4	3	0	1
S0069:	0	332	0.000000	2	5	0.400000	4	0	4	0
S0070:	0	291	0.000000	4	4	1.000000	3	2	1	0
S0071:	0	358	0.000000	2	4	0.500000	2	0	1	1
S0072:	0	435	0.000000	2	6	0.333333	4	0	1	3
S0073:	0	317	0.000000	3	4	0.750000	2	0	2	0
S0074:	0	300	0.000000	2	4	0.500000	2	0	1	1
S0075:	0	366	0.000000	1	3	0.333333	3	0	2	1
S0076:	0	531	0.000000	4	7	0.571429	4	1	1	2
S0077:	0	636	0.000000	4	8	0.500000	5	1	4	0
S0078:	0	330	0.000000	3	4	0.750000	3	2	0	1
S0079:	0	316	0.000000	2	3	0.666667	2	0	2	0
S0080:	0	443	0.000000	4	7	0.571429	3	0	2	1
S0081:	0	417	0.000000	5	5	1.000000	3	1	1	0
S0082:	0	466	0.000000	4	5	0.800000	2	1	0	1
S0083:	0	274	0.000000	4	5	0.800000	1	0	0	1
S0084:	0	320	0.000000	3	3	1.000000	6	5	1	0
S0085:	0	398	0.000000	4	5	0.800000	4	3	0	1
S0086:	0	411	0.000000	3	6	0.500000	3	0	1	2
S0087:	0	326	0.000000	3	5	0.600000	2	0	1	1
S0088:	0	338	0.000000	5	5	1.000000	0	0	0	0
S0089:	0	359	0.000000	5	6	0.833333	1	0	1	0
S0090:	0	359	0.000000	4	5	0.800000	1	0	1	0
S0091:	0	449	0.000000	6	7	0.857143	1	0	1	0
S0092:	0	467	0.000000	5	8	0.625000	3	0	0	3
S0093:	0	287	0.000000	0	3	0.000000	5	2	0	3
S0094:	0	399	0.000000	4	7	0.571429	4	1	2	1
S0095:	0	398	0.000000	2	5	0.400000	3	0	3	0
S0096:	0	247	0.000000	2	3	0.666667	1	0	1	0
S0097:	0	290	0.000000	1	3	0.333333	3	1	1	1
S0098:	0	360	0.000000	3	4	0.750000	2	1	1	0
S0099:	0	511	0.000000	6	6	1.000000	3	2	1	0
S0100:	0	263	0.000000	2	3	0.666667	1	0	1	0
S0101:	0	296	0.000000	4	4	1.000000	1	0	1	0
S0102:	0	353	0.000000	1	2	0.500000	6	4	1	1
S0103:	0	484	0.000000	3	5	0.600000	5	3	1	1
S0104:	0	381	0.000000	0	4	0.000000	4	0	3	1
S0105:	0	557	0.000000	3	8	0.375000	6	1	2	3
S0106:	0	428	0.000000	5	5	1.000000	3	3	0	0
S0107:	0	418	0.000000	5	5	1.000000	3	0	1	0
S0108:	0	554	0.000000	7	8	0.875000	2	1	0	1
S0109:	0	341	0.000000	2	3	0.666667	2	1	0	1
S0110:	0	557	0.000000	4	7	0.571429	7	4	1	2
S0111:	0	522	0.000000	6	6	1.000000	2	2	0	0
S0112:	0	298	0.000000	1	4	0.250000	4	1	2	1
S0113:	0	237	0.000000	3	3	1.000000	2	0	1	0
S0114:	0	262	0.000000	1	3	0.333333	4	2	0	2
S0115:	0	352	0.000000	4	5	0.800000	6	4	1	1
S0117:	0	294	0.000000	5	5	1.000000	1	1	0	0
S0118:	0	567	0.000000	3	9	0.333333	6	0	5	1
S0119:	0	344	0.000000	5	6	0.833333	2	1	1	0
S0120:	0	501	0.000000	4	7	0.571429	4	1	1	2
S0127:	0	206	0.000000	3	3	1.000000	3	2	1	0
S0131:	0	196	0.000000	2	2	1.000000	0	0	0	0
S0132:	0	205	0.000000	2	3	0.666667	1	0	1	0
S0133:	0	195	0.000000	2	3	0.666667	2	1	0	1
S0136:	0	227	0.000000	3	3	1.000000	1	1	0	0
S0138:	0	232	0.000000	2	2	1.000000	3	1	1	0
S0140:	0	195	0.000000	2	3	0.666667	1	0	1	0
S0142:	0	253	0.000000	2	3	0.666667	2	0	2	0
S0143:	0	238	0.000000	2	3	0.666667	2	1	0	1
S0146:	0	266	0.000000	3	4	0.750000	6	2	2	0
S0147:	0	207	0.000000	2	3	0.666667	1	0	1	0
S0151:	0	262	0.000000	3	4	0.750000	1	0	0	1
S0155:	0	300	0.000000	3	5	0.600000	2	0	1	1
S0156:	0	293	0.000000	2	4	0.500000	2	0	0	2
S0157:	0	244	0.000000	4	4	1.000000	1	1	0	0
S0159:	0	273	0.000000	4	5	0.800000	1	0	1	0
S0160:	0	282	0.000000	3	4	0.750000	2	1	1	0
S0161:	0	257	0.000000	4	4	1.000000	2	2	0	0
S0162:	0	216	0.000000	3	3	1.000000	1	1	0	0
S0163:	0	397	0.000000	4	6	0.666667	3	1	0	2
S0167:	0	366	0.000000	3	6	0.500000	4	1	3	0
S0168:	0	221	0.000000	4	4	1.000000	0	0	0	0
S0169:	0	223	0.000000	3	4	0.750000	3	2	1	0
S0170:	0	341	0.000000	3	4	0.750000	5	2	1	1
S0171:	0	308	0.000000	2	4	0.500000	2	0	1	1
S0172:	0	284	0.000000	3	4	0.750000	1	0	0	1
S0173:	0	238	0.000000	2	3	0.666667	2	1	1	0
S0174:	0	223	0.000000	2	3	0.666667	2	1	1	0
S0175:	0	293	0.000000	3	4	0.750000	3	2	0	1
S0176:	0	278	0.000000	3	4	0.750000	3	2	0	1
S0177:	0	233	0.000000	3	4	0.750000	1	0	1	0
S0178:	0	209	0.000000	4	4	1.000000	0	0	0	0
S0195:	0	347	0.000000	5	5	1.000000	1	1	0	0
S0196:	0	386	0.000000	3	6	0.500000	4	1	2	1
S0197:	0	374	0.000000	4	5	0.800000	3	2	0	1
S0198:	0	413	0.000000	6	6	1.000000	3	3	0	0
S0199:	0	319	0.000000	4	5	0.800000	1	0	0	1
S0201:	0	219	0.000000	2	3	0.666667	3	2	0	1
S0202:	0	357	0.000000	3	5	0.600000	3	1	1	1
S0203:	0	265	0.000000	4	4	1.000000	1	1	0	0
S0204:	0	219	0.000000	3	3	1.000000	0	0	0	0
S0205:	0	288	0.000000	4	4	1.000000	0	0	0	0
S0208:	0	453	0.000000	2	7	0.285714	5	0	4	1
Ave.:	0	48955	0.000000	470	678	0.693215	377	125	140	100 
