The test group: G_3 
sentenceID:/correctFrame/totalFrame/rate_frame/correctSign/groundtruth/rate_sign/distance/insert/delete/substitute
S0000:	120	480	0.250000	10	10	1.000000	2	2	0	0
S0001:	139	510	0.272549	10	10	1.000000	4	3	1	0
S0002:	117	562	0.208185	8	10	0.800000	7	5	0	2
S0003:	132	544	0.242647	9	10	0.900000	3	2	1	0
S0004:	123	440	0.279545	9	10	0.900000	6	4	2	0
S0005:	142	519	0.273603	9	10	0.900000	7	4	1	1
S0006:	146	527	0.277040	10	10	1.000000	5	5	0	0
S0007:	144	550	0.261818	10	10	1.000000	2	2	0	0
S0008:	143	539	0.265306	10	10	1.000000	4	3	1	0
S0009:	113	477	0.236897	10	10	1.000000	3	2	1	0
S0010:	138	497	0.277666	9	10	0.900000	3	1	1	1
S0011:	142	558	0.254480	8	10	0.800000	3	1	1	1
S0012:	132	492	0.268293	9	10	0.900000	3	1	1	1
S0013:	143	494	0.289474	9	10	0.900000	1	0	0	1
S0014:	138	524	0.263359	10	10	1.000000	8	7	1	0
S0015:	133	532	0.250000	10	10	1.000000	3	3	0	0
S0016:	138	552	0.250000	10	10	1.000000	3	3	0	0
S0017:	134	522	0.256705	9	10	0.900000	2	1	0	1
S0018:	137	535	0.256075	9	10	0.900000	6	5	0	1
S0019:	111	482	0.230290	8	10	0.800000	6	4	1	1
S0020:	138	535	0.257944	10	10	1.000000	2	1	1	0
S0021:	142	636	0.223270	9	10	0.900000	5	3	1	1
S0022:	135	509	0.265226	10	10	1.000000	2	2	0	0
S0023:	149	637	0.233909	10	10	1.000000	3	3	0	0
S0024:	158	602	0.262458	10	10	1.000000	1	1	0	0
S0025:	161	552	0.291667	10	10	1.000000	0	0	0	0
S0026:	138	576	0.239583	9	10	0.900000	3	2	0	1
S0027:	161	587	0.274276	9	10	0.900000	2	1	0	1
S0028:	144	688	0.209302	8	10	0.800000	7	4	1	2
S0029:	144	522	0.275862	10	10	1.000000	3	3	0	0
S0030:	119	491	0.242363	9	10	0.900000	3	2	0	1
S0031:	145	538	0.269517	10	10	1.000000	3	2	1	0
S0032:	132	549	0.240437	10	10	1.000000	4	3	1	0
S0033:	156	540	0.288889	10	10	1.000000	3	3	0	0
S0034:	125	526	0.237643	9	10	0.900000	4	2	1	1
S0035:	146	581	0.251291	10	10	1.000000	3	3	0	0
S0036:	144	467	0.308351	10	10	1.000000	1	1	0	0
S0037:	123	475	0.258947	6	10	0.600000	4	0	3	1
S0038:	124	509	0.243615	9	10	0.900000	3	2	0	1
S0039:	130	563	0.230906	10	10	1.000000	3	2	1	0
S0040:	137	604	0.226821	9	10	0.900000	2	1	0	1
S0041:	146	490	0.297959	9	10	0.900000	1	0	0	1
S0042:	121	502	0.241036	10	10	1.000000	7	6	1	0
S0043:	143	477	0.299790	10	10	1.000000	0	0	0	0
S0044:	126	583	0.216123	10	10	1.000000	7	5	1	0
S0045:	141	647	0.217929	9	10	0.900000	8	7	0	1
S0046:	143	533	0.268293	9	10	0.900000	1	0	0	1
S0047:	167	558	0.299283	8	10	0.800000	3	1	1	1
S0048:	168	668	0.251497	10	10	1.000000	3	2	1	0
S0049:	150	644	0.232919	9	10	0.900000	5	3	1	1
S0050:	119	509	0.233792	9	10	0.900000	2	0	1	1
S0051:	150	547	0.274223	10	10	1.000000	2	2	0	0
S0052:	154	609	0.252874	10	10	1.000000	4	3	1	0
S0053:	152	593	0.256324	9	10	0.900000	2	1	0	1
S0054:	147	492	0.298780	9	10	0.900000	2	1	1	0
S0055:	147	523	0.281071	10	10	1.000000	4	2	1	0
S0056:	155	548	0.282847	10	10	1.000000	0	0	0	0
S0057:	136	641	0.212168	10	10	1.000000	4	4	0	0
S0058:	145	494	0.293522	10	10	1.000000	1	1	0	0
S0059:	146	729	0.200274	9	10	0.900000	5	4	0	1
S0060:	182	690	0.263768	10	10	1.000000	3	3	0	0
S0061:	160	597	0.268007	8	10	0.800000	3	0	1	2
S0062:	146	536	0.272388	10	10	1.000000	2	1	1	0
S0063:	160	624	0.256410	10	10	1.000000	3	3	0	0
S0064:	141	625	0.225600	10	10	1.000000	2	2	0	0
S0065:	119	471	0.252654	10	10	1.000000	5	4	1	0
S0066:	144	545	0.264220	9	10	0.900000	3	2	1	0
S0067:	131	480	0.272917	8	10	0.800000	3	1	0	2
S0068:	143	514	0.278210	9	10	0.900000	3	2	0	1
S0069:	118	481	0.245322	9	10	0.900000	4	3	1	0
S0070:	153	547	0.279707	9	10	0.900000	3	2	0	1
S0071:	130	561	0.231729	10	10	1.000000	4	3	1	0
S0072:	151	566	0.266784	10	10	1.000000	3	3	0	0
S0073:	137	575	0.238261	10	10	1.000000	3	2	1	0
S0074:	140	479	0.292276	10	10	1.000000	2	2	0	0
S0075:	133	497	0.267606	9	10	0.900000	2	1	0	1
S0076:	124	520	0.238462	9	10	0.900000	2	0	1	1
S0077:	121	477	0.253669	8	10	0.800000	3	1	1	1
S0078:	135	593	0.227656	8	10	0.800000	6	4	0	2
S0079:	136	614	0.221498	10	10	1.000000	6	5	1	0
S0080:	153	526	0.290875	9	10	0.900000	3	2	0	1
S0081:	151	517	0.292070	10	10	1.000000	3	2	1	0
S0082:	134	581	0.230637	9	10	0.900000	4	3	0	1
S0083:	125	483	0.258799	9	10	0.900000	3	2	1	0
S0084:	134	480	0.279167	9	10	0.900000	3	2	0	1
S0085:	166	598	0.277592	10	10	1.000000	2	2	0	0
S0086:	161	526	0.306084	9	10	0.900000	1	0	1	0
S0087:	131	507	0.258383	10	10	1.000000	1	1	0	0
S0088:	165	604	0.273179	10	10	1.000000	3	2	1	0
S0089:	152	548	0.277372	10	10	1.000000	0	0	0	0
S0090:	126	564	0.223404	8	10	0.800000	4	2	0	2
S0091:	171	549	0.311475	10	10	1.000000	0	0	0	0
S0092:	127	510	0.249020	10	10	1.000000	2	2	0	0
S0093:	153	602	0.254153	10	10	1.000000	2	2	0	0
S0094:	137	465	0.294624	10	10	1.000000	0	0	0	0
S0095:	132	623	0.211878	10	10	1.000000	7	7	0	0
S0096:	150	555	0.270270	9	10	0.900000	3	2	0	1
S0097:	123	511	0.240705	8	10	0.800000	4	2	1	1
S0098:	141	566	0.249117	10	10	1.000000	5	4	1	0
S0099:	150	478	0.313808	10	10	1.000000	0	0	0	0
Ave.:	14058	54595	0.257496	939	1000	0.939000	318	222	47	46 
