The test group: G_3 
sentenceID:/correctFrame/totalFrame/rate_frame/correctSign/groundtruth/rate_sign/distance/insert/delete/substitute
S0000:	62	480	0.129167	6	10	0.600000	4	0	3	1
S0001:	101	510	0.198039	7	10	0.700000	3	0	2	1
S0002:	58	562	0.103203	3	10	0.300000	7	0	5	2
S0003:	104	544	0.191176	7	10	0.700000	3	0	3	0
S0004:	75	440	0.170455	5	10	0.500000	5	0	5	0
S0005:	122	519	0.235067	7	10	0.700000	5	1	3	1
S0006:	73	527	0.138520	5	10	0.500000	5	0	5	0
S0007:	100	550	0.181818	8	10	0.800000	2	0	2	0
S0008:	102	539	0.189239	6	10	0.600000	5	0	5	0
S0009:	53	477	0.111111	4	10	0.400000	6	0	3	3
S0010:	103	497	0.207243	7	10	0.700000	3	0	2	1
S0011:	110	558	0.197133	7	10	0.700000	3	0	2	1
S0012:	78	492	0.158537	3	10	0.300000	7	0	6	1
S0013:	115	494	0.232794	9	10	0.900000	1	0	0	1
S0014:	121	524	0.230916	8	10	0.800000	4	2	1	1
S0015:	94	532	0.176692	7	10	0.700000	3	0	3	0
S0016:	91	552	0.164855	6	10	0.600000	4	0	3	1
S0017:	96	522	0.183908	7	10	0.700000	3	0	2	1
S0018:	84	535	0.157009	6	10	0.600000	4	0	4	0
S0019:	111	482	0.230290	8	10	0.800000	3	1	1	1
S0020:	131	535	0.244860	8	10	0.800000	2	0	2	0
S0021:	108	636	0.169811	6	10	0.600000	4	0	3	1
S0022:	111	509	0.218075	8	10	0.800000	2	0	2	0
S0023:	138	637	0.216641	8	10	0.800000	2	0	1	1
S0024:	105	602	0.174419	3	10	0.300000	7	0	3	4
S0025:	129	552	0.233696	8	10	0.800000	3	1	2	0
S0026:	89	576	0.154514	7	10	0.700000	3	0	3	0
S0027:	83	587	0.141397	5	10	0.500000	6	1	2	3
S0028:	83	688	0.120640	5	10	0.500000	5	0	2	3
S0029:	122	522	0.233716	8	10	0.800000	2	0	2	0
S0030:	82	491	0.167006	6	10	0.600000	4	0	2	1
S0031:	112	538	0.208178	8	10	0.800000	3	1	2	0
S0032:	97	549	0.176685	4	10	0.400000	6	0	6	0
S0033:	102	540	0.188889	5	10	0.500000	6	1	4	1
S0034:	113	526	0.214829	7	10	0.700000	4	0	3	1
S0035:	132	581	0.227194	9	10	0.900000	3	2	0	1
S0036:	117	467	0.250535	8	10	0.800000	2	0	2	0
S0037:	125	475	0.263158	5	10	0.500000	5	0	4	1
S0038:	98	509	0.192534	6	10	0.600000	4	0	3	1
S0039:	110	563	0.195382	9	10	0.900000	1	0	0	1
S0040:	109	604	0.180464	7	10	0.700000	4	1	3	0
S0041:	66	490	0.134694	5	10	0.500000	5	0	5	0
S0042:	96	502	0.191235	7	10	0.700000	5	2	2	1
S0043:	130	477	0.272537	9	10	0.900000	1	0	1	0
S0044:	77	583	0.132075	5	10	0.500000	5	0	5	0
S0045:	75	647	0.115920	6	10	0.600000	5	1	3	1
S0046:	81	533	0.151970	5	10	0.500000	5	0	4	1
S0047:	117	558	0.209677	7	10	0.700000	4	1	3	0
S0048:	118	668	0.176647	7	10	0.700000	3	0	2	1
S0049:	114	644	0.177019	7	10	0.700000	5	1	3	1
S0050:	66	509	0.129666	5	10	0.500000	5	0	5	0
S0051:	112	547	0.204753	8	10	0.800000	3	1	2	0
S0052:	100	609	0.164204	9	10	0.900000	1	0	1	0
S0053:	121	593	0.204047	7	10	0.700000	3	0	2	1
S0054:	125	492	0.254065	8	10	0.800000	2	0	2	0
S0055:	103	523	0.196941	4	10	0.400000	6	0	4	2
S0056:	120	548	0.218978	8	10	0.800000	2	0	2	0
S0057:	70	641	0.109204	4	10	0.400000	6	0	5	1
S0058:	133	494	0.269231	9	10	0.900000	1	0	1	0
S0059:	166	729	0.227709	5	10	0.500000	5	0	4	1
S0060:	144	690	0.208696	7	10	0.700000	3	0	3	0
S0061:	122	597	0.204355	6	10	0.600000	4	0	4	0
S0062:	112	536	0.208955	7	10	0.700000	3	0	3	0
S0063:	161	624	0.258013	8	10	0.800000	2	0	1	1
S0064:	116	625	0.185600	8	10	0.800000	2	0	2	0
S0065:	85	471	0.180467	6	10	0.600000	5	0	3	2
S0066:	96	545	0.176147	5	10	0.500000	5	0	5	0
S0067:	103	480	0.214583	7	10	0.700000	3	0	3	0
S0068:	84	514	0.163424	7	10	0.700000	3	0	2	1
S0069:	65	481	0.135135	5	10	0.500000	5	0	4	1
S0070:	118	547	0.215722	8	10	0.800000	2	0	2	0
S0071:	114	561	0.203209	7	10	0.700000	4	1	3	0
S0072:	101	566	0.178445	8	10	0.800000	2	0	1	1
S0073:	109	575	0.189565	7	10	0.700000	3	0	2	1
S0074:	97	479	0.202505	7	10	0.700000	3	0	3	0
S0075:	121	497	0.243461	9	10	0.900000	1	0	0	1
S0076:	92	520	0.176923	6	10	0.600000	4	0	4	0
S0077:	88	477	0.184486	5	10	0.500000	5	0	5	0
S0078:	75	593	0.126476	2	10	0.200000	8	0	6	2
S0079:	62	614	0.100977	5	10	0.500000	6	1	4	1
S0080:	121	526	0.230038	7	10	0.700000	3	0	3	0
S0081:	111	517	0.214700	7	10	0.700000	3	0	3	0
S0082:	101	581	0.173838	8	10	0.800000	2	0	2	0
S0083:	95	483	0.196687	8	10	0.800000	2	0	2	0
S0084:	93	480	0.193750	6	10	0.600000	4	0	4	0
S0085:	99	598	0.165552	6	10	0.600000	4	0	3	0
S0086:	102	526	0.193916	7	10	0.700000	3	0	2	1
S0087:	106	507	0.209073	7	10	0.700000	3	0	3	0
S0088:	139	604	0.230132	9	10	0.900000	2	1	1	0
S0089:	94	548	0.171533	7	10	0.700000	4	1	3	0
S0090:	57	564	0.101064	5	10	0.500000	5	0	2	3
S0091:	137	549	0.249545	9	10	0.900000	1	0	1	0
S0092:	100	510	0.196078	6	10	0.600000	4	0	4	0
S0093:	138	602	0.229236	8	10	0.800000	2	0	2	0
S0094:	103	465	0.221505	7	10	0.700000	3	0	3	0
S0095:	129	623	0.207063	8	10	0.800000	2	0	2	0
S0096:	123	555	0.221622	6	10	0.600000	4	0	3	1
S0097:	38	511	0.074364	3	10	0.300000	7	0	5	2
S0098:	83	566	0.146643	8	10	0.800000	3	0	3	0
S0099:	95	478	0.198745	5	10	0.500000	5	0	4	1
Ave.:	10268	54595	0.188076	658	1000	0.658000	369	21	282	64 
