The test group: G_1 
sentenceID:/correctFrame/totalFrame/rate_frame/correctSign/groundtruth/rate_sign/distance/insert/delete/substitute
S0000:	0	269	0.000000	3	6	0.500000	4	0	2	2
S0001:	0	402	0.000000	4	6	0.666667	7	4	1	2
S0002:	0	323	0.000000	4	6	0.666667	4	1	1	2
S0003:	0	413	0.000000	1	7	0.142857	6	0	1	5
S0004:	0	248	0.000000	3	5	0.600000	6	1	2	1
S0005:	0	193	0.000000	2	4	0.500000	6	2	1	2
S0006:	0	224	0.000000	1	4	0.250000	7	4	0	3
S0007:	0	163	0.000000	1	3	0.333333	2	0	0	2
S0008:	0	209	0.000000	2	4	0.500000	3	0	2	1
S0009:	0	174	0.000000	1	3	0.333333	4	1	1	2
S0010:	0	246	0.000000	2	3	0.666667	4	2	1	1
S0011:	0	198	0.000000	2	3	0.666667	4	2	1	1
S0012:	0	213	0.000000	1	4	0.250000	3	0	0	3
S0013:	0	157	0.000000	2	3	0.666667	4	3	0	1
S0014:	0	215	0.000000	2	4	0.500000	3	1	1	1
S0015:	0	213	0.000000	3	4	0.750000	2	1	1	0
S0016:	0	246	0.000000	1	5	0.200000	9	5	0	4
S0017:	0	276	0.000000	3	5	0.600000	5	3	0	2
S0018:	0	295	0.000000	3	5	0.600000	4	2	0	2
S0019:	0	242	0.000000	1	4	0.250000	8	5	0	3
S0020:	0	289	0.000000	1	4	0.250000	6	3	0	3
S0021:	0	252	0.000000	3	4	0.750000	11	10	0	1
S0022:	0	312	0.000000	4	6	0.666667	5	2	1	2
S0023:	0	347	0.000000	4	6	0.666667	3	1	1	1
S0024:	0	425	0.000000	2	7	0.285714	8	1	1	5
S0025:	0	269	0.000000	1	4	0.250000	7	4	0	3
S0026:	0	280	0.000000	1	5	0.200000	7	2	1	4
S0027:	0	257	0.000000	2	4	0.500000	5	3	1	1
S0028:	0	199	0.000000	1	4	0.250000	3	0	0	3
S0029:	0	290	0.000000	0	4	0.000000	10	6	0	4
S0030:	0	288	0.000000	3	5	0.600000	3	1	1	1
S0031:	0	176	0.000000	0	2	0.000000	3	1	0	2
S0032:	0	342	0.000000	1	6	0.166667	6	1	2	3
S0033:	0	204	0.000000	3	3	1.000000	2	1	1	0
S0034:	0	226	0.000000	2	4	0.500000	6	0	1	2
S0035:	0	353	0.000000	3	6	0.500000	3	0	1	2
S0036:	0	333	0.000000	0	6	0.000000	6	0	2	4
S0037:	0	343	0.000000	3	7	0.428571	6	1	3	2
S0038:	0	313	0.000000	1	6	0.166667	12	7	0	5
S0039:	0	376	0.000000	1	6	0.166667	6	1	1	4
S0040:	0	265	0.000000	2	5	0.400000	5	1	2	2
S0041:	0	236	0.000000	1	4	0.250000	5	0	2	2
S0042:	0	324	0.000000	3	6	0.500000	7	1	3	1
S0043:	0	327	0.000000	2	6	0.333333	7	3	1	3
S0044:	0	282	0.000000	1	6	0.166667	8	1	1	5
S0045:	0	385	0.000000	1	6	0.166667	7	0	1	5
S0046:	0	316	0.000000	1	6	0.166667	8	3	0	5
S0047:	0	344	0.000000	0	6	0.000000	6	0	1	5
S0048:	0	171	0.000000	0	3	0.000000	5	2	0	3
S0049:	0	240	0.000000	1	4	0.250000	3	0	0	3
S0050:	0	313	0.000000	2	5	0.400000	5	0	2	2
S0051:	0	232	0.000000	3	4	0.750000	4	3	0	1
S0052:	0	189	0.000000	3	4	0.750000	6	5	0	1
S0053:	0	263	0.000000	2	4	0.500000	3	0	3	0
S0054:	0	402	0.000000	4	7	0.571429	5	2	0	3
S0055:	0	344	0.000000	3	6	0.500000	4	1	0	3
S0056:	0	346	0.000000	2	6	0.333333	9	4	1	4
S0057:	0	248	0.000000	0	4	0.000000	5	1	0	4
S0058:	0	234	0.000000	1	4	0.250000	5	2	0	3
S0059:	0	435	0.000000	0	7	0.000000	8	1	0	7
S0060:	0	233	0.000000	0	4	0.000000	5	1	0	4
S0061:	0	304	0.000000	4	6	0.666667	7	1	3	0
S0062:	0	350	0.000000	3	6	0.500000	8	4	1	3
S0063:	0	251	0.000000	2	4	0.500000	3	0	2	1
S0064:	0	354	0.000000	1	6	0.166667	6	1	0	5
S0065:	0	359	0.000000	4	6	0.666667	13	10	1	2
S0066:	0	213	0.000000	1	3	0.333333	5	1	1	2
S0067:	0	242	0.000000	0	4	0.000000	4	0	1	3
S0068:	0	531	0.000000	2	8	0.250000	7	1	0	6
S0069:	0	322	0.000000	2	6	0.333333	4	0	1	3
S0070:	0	281	0.000000	3	5	0.600000	5	3	0	2
S0071:	0	348	0.000000	2	5	0.400000	6	1	2	2
S0072:	0	425	0.000000	1	7	0.142857	13	7	0	6
S0073:	0	307	0.000000	2	5	0.400000	6	2	1	3
S0074:	0	290	0.000000	2	5	0.400000	4	1	0	3
S0075:	0	356	0.000000	3	4	0.750000	5	3	1	1
S0076:	0	521	0.000000	3	9	0.333333	8	2	2	4
S0077:	0	626	0.000000	2	10	0.200000	10	2	0	8
S0078:	0	320	0.000000	1	4	0.250000	6	3	0	3
S0079:	0	306	0.000000	2	5	0.400000	11	8	0	3
S0080:	0	433	0.000000	2	8	0.250000	7	0	3	4
S0081:	0	407	0.000000	4	7	0.571429	5	2	0	3
S0082:	0	456	0.000000	3	5	0.600000	5	2	1	2
S0083:	0	264	0.000000	4	5	0.800000	9	7	1	1
S0084:	0	310	0.000000	2	5	0.400000	5	2	0	3
S0085:	0	388	0.000000	2	5	0.400000	4	0	1	3
S0086:	0	401	0.000000	4	6	0.666667	5	2	1	2
S0087:	0	316	0.000000	3	5	0.600000	5	1	2	1
S0088:	0	328	0.000000	4	5	0.800000	6	2	1	1
S0089:	0	349	0.000000	2	6	0.333333	4	0	2	2
S0090:	0	349	0.000000	3	5	0.600000	8	6	0	2
S0091:	0	439	0.000000	4	7	0.571429	7	3	2	2
S0092:	0	457	0.000000	1	8	0.125000	8	0	5	3
S0093:	0	277	0.000000	3	4	0.750000	6	4	1	1
S0094:	0	389	0.000000	2	7	0.285714	7	2	2	3
S0095:	0	388	0.000000	1	5	0.200000	6	2	0	4
S0096:	0	237	0.000000	1	4	0.250000	3	0	1	2
S0097:	0	280	0.000000	1	4	0.250000	4	1	0	3
S0098:	0	350	0.000000	3	5	0.600000	5	2	1	2
S0099:	0	501	0.000000	6	8	0.750000	7	5	0	2
S0100:	0	253	0.000000	3	4	0.750000	4	2	1	1
S0101:	0	286	0.000000	2	5	0.400000	3	0	1	2
S0102:	0	343	0.000000	2	5	0.400000	6	3	0	3
S0103:	0	474	0.000000	4	6	0.666667	9	5	1	2
S0104:	0	371	0.000000	2	7	0.285714	6	0	3	3
S0105:	0	547	0.000000	3	9	0.333333	8	1	2	5
S0106:	0	418	0.000000	4	8	0.500000	9	5	1	3
S0107:	0	408	0.000000	5	6	0.833333	7	6	0	1
S0108:	0	544	0.000000	3	10	0.300000	8	0	6	2
S0109:	0	331	0.000000	2	5	0.400000	7	3	1	3
S0110:	0	547	0.000000	1	9	0.111111	8	0	6	2
S0111:	0	512	0.000000	6	8	0.750000	5	2	1	2
S0112:	0	288	0.000000	1	5	0.200000	4	0	3	1
S0113:	0	227	0.000000	2	4	0.500000	2	0	1	1
S0114:	0	252	0.000000	2	5	0.400000	7	4	0	3
S0115:	0	342	0.000000	1	7	0.142857	6	0	0	6
S0116:	0	233	0.000000	0	4	0.000000	4	0	0	4
S0117:	0	284	0.000000	2	5	0.400000	8	3	1	3
S0118:	0	557	0.000000	1	10	0.100000	9	0	1	8
S0119:	0	334	0.000000	4	7	0.571429	7	2	1	3
S0120:	0	491	0.000000	5	9	0.555556	6	2	1	3
S0121:	0	101	0.000000	1	2	0.500000	2	0	2	0
S0122:	0	107	0.000000	0	2	0.000000	5	3	0	2
S0123:	0	108	0.000000	0	2	0.000000	4	2	0	2
S0124:	0	97	0.000000	0	2	0.000000	2	0	0	2
S0125:	0	103	0.000000	0	2	0.000000	3	1	0	2
S0126:	0	160	0.000000	3	3	1.000000	1	1	0	0
S0127:	0	196	0.000000	2	4	0.500000	4	0	2	1
S0128:	0	187	0.000000	2	3	0.666667	4	1	1	1
S0129:	0	113	0.000000	1	2	0.500000	3	2	0	1
S0130:	0	133	0.000000	1	2	0.500000	3	2	0	1
S0131:	0	186	0.000000	2	4	0.500000	2	0	1	1
S0132:	0	195	0.000000	1	4	0.250000	5	2	0	3
S0133:	0	185	0.000000	1	4	0.250000	4	1	0	3
S0134:	0	100	0.000000	1	2	0.500000	5	0	1	1
S0135:	0	148	0.000000	0	3	0.000000	3	0	1	2
S0136:	0	217	0.000000	2	4	0.500000	3	0	1	2
S0137:	0	126	0.000000	1	3	0.333333	5	0	2	1
S0138:	0	222	0.000000	2	4	0.500000	3	0	2	1
S0139:	0	144	0.000000	1	2	0.500000	7	4	1	1
S0140:	0	185	0.000000	2	4	0.500000	5	2	1	2
S0141:	0	156	0.000000	1	3	0.333333	4	2	0	2
S0142:	0	243	0.000000	3	4	0.750000	2	0	1	1
S0143:	0	228	0.000000	3	4	0.750000	6	1	2	0
S0144:	0	152	0.000000	2	2	1.000000	4	2	1	0
S0145:	0	237	0.000000	2	4	0.500000	4	0	2	1
S0146:	0	256	0.000000	2	5	0.400000	9	2	1	3
S0147:	0	197	0.000000	0	4	0.000000	5	1	0	4
S0148:	0	109	0.000000	0	2	0.000000	4	2	0	2
S0149:	0	146	0.000000	0	2	0.000000	6	4	0	2
S0150:	0	113	0.000000	1	2	0.500000	3	2	0	1
S0151:	0	252	0.000000	2	5	0.400000	6	1	2	2
S0152:	0	214	0.000000	1	3	0.333333	3	1	0	2
S0153:	0	188	0.000000	1	3	0.333333	8	4	1	2
S0154:	0	126	0.000000	0	2	0.000000	4	2	0	2
S0155:	0	290	0.000000	3	6	0.500000	5	2	1	2
S0156:	0	283	0.000000	4	5	0.800000	8	7	0	1
S0157:	0	234	0.000000	4	4	1.000000	4	2	1	0
S0158:	0	233	0.000000	2	4	0.500000	4	2	0	2
S0159:	0	263	0.000000	4	5	0.800000	5	1	1	1
S0160:	0	272	0.000000	2	5	0.400000	6	1	1	3
S0161:	0	247	0.000000	1	5	0.200000	7	3	0	4
S0162:	0	206	0.000000	1	4	0.250000	4	0	3	1
S0163:	0	387	0.000000	3	7	0.428571	8	2	2	3
S0164:	0	165	0.000000	2	3	0.666667	4	2	1	1
S0165:	0	147	0.000000	1	3	0.333333	5	0	1	2
S0166:	0	160	0.000000	2	3	0.666667	5	2	1	1
S0167:	0	356	0.000000	2	6	0.333333	5	0	2	3
S0168:	0	211	0.000000	2	4	0.500000	6	1	1	2
S0169:	0	213	0.000000	1	4	0.250000	6	3	0	3
S0170:	0	331	0.000000	1	6	0.166667	13	4	1	5
S0171:	0	298	0.000000	1	5	0.200000	7	0	2	3
S0172:	0	274	0.000000	3	4	0.750000	6	2	1	1
S0173:	0	228	0.000000	1	4	0.250000	4	1	0	3
S0174:	0	213	0.000000	1	4	0.250000	6	3	0	3
S0175:	0	283	0.000000	0	5	0.000000	5	0	1	4
S0176:	0	268	0.000000	1	6	0.166667	6	1	2	3
S0177:	0	223	0.000000	1	5	0.200000	7	3	0	4
S0178:	0	199	0.000000	0	4	0.000000	4	0	2	2
S0179:	0	105	0.000000	0	2	0.000000	3	1	0	2
S0180:	0	103	0.000000	0	2	0.000000	2	0	0	2
S0181:	0	121	0.000000	0	2	0.000000	3	1	0	2
S0182:	0	127	0.000000	1	2	0.500000	6	1	1	1
S0183:	0	157	0.000000	0	2	0.000000	4	2	0	2
S0184:	0	201	0.000000	1	3	0.333333	3	1	0	2
S0185:	0	138	0.000000	0	3	0.000000	4	1	0	3
S0186:	0	150	0.000000	0	3	0.000000	4	1	0	3
S0187:	0	150	0.000000	0	3	0.000000	3	0	2	1
S0188:	0	164	0.000000	0	3	0.000000	6	3	0	3
S0189:	0	158	0.000000	0	3	0.000000	3	0	0	3
S0190:	0	169	0.000000	0	2	0.000000	5	3	0	2
S0191:	0	185	0.000000	0	2	0.000000	4	2	0	2
S0192:	0	132	0.000000	0	2	0.000000	8	6	0	2
S0193:	0	130	0.000000	0	2	0.000000	4	2	0	2
S0194:	0	170	0.000000	1	2	0.500000	3	1	1	1
S0195:	0	337	0.000000	1	5	0.200000	5	1	0	4
S0196:	0	376	0.000000	1	6	0.166667	5	0	1	4
S0197:	0	364	0.000000	1	5	0.200000	4	0	0	4
S0198:	0	403	0.000000	3	6	0.500000	7	3	2	2
S0199:	0	309	0.000000	0	6	0.000000	7	1	0	6
S0200:	0	207	0.000000	1	3	0.333333	5	3	0	2
S0201:	0	209	0.000000	2	4	0.500000	6	4	0	2
S0202:	0	347	0.000000	2	5	0.400000	8	5	0	3
S0203:	0	255	0.000000	4	5	0.800000	6	5	0	1
S0204:	0	209	0.000000	3	4	0.750000	3	0	1	1
S0205:	0	278	0.000000	3	5	0.600000	6	4	0	2
S0206:	0	163	0.000000	1	3	0.333333	7	5	0	2
S0207:	0	183	0.000000	1	3	0.333333	7	5	0	2
S0208:	0	443	0.000000	3	7	0.428571	8	3	1	4
Ave.:	0	57046	0.000000	373	973	0.383350	1143	395	178	507 
