The test group: G_1 
sentenceID:/correctFrame/totalFrame/rate_frame/correctSign/groundtruth/rate_sign/distance/insert/delete/substitute
S0000:	130	604	0.215232	5	10	0.500000	5	0	3	2
S0001:	161	602	0.267442	9	10	0.900000	4	3	1	0
S0002:	136	642	0.211838	5	10	0.500000	6	1	3	2
S0003:	148	570	0.259649	8	10	0.800000	3	1	2	0
S0004:	139	542	0.256458	9	10	0.900000	1	0	1	0
S0005:	115	532	0.216165	5	10	0.500000	5	0	4	1
S0006:	179	618	0.289644	8	10	0.800000	2	0	1	1
S0007:	172	610	0.281967	8	10	0.800000	2	0	1	1
S0008:	149	669	0.222720	6	10	0.600000	4	0	2	1
S0009:	125	616	0.202922	8	10	0.800000	3	1	1	1
S0010:	165	582	0.283505	7	10	0.700000	4	1	1	2
S0011:	139	576	0.241319	7	10	0.700000	4	1	1	2
S0012:	85	564	0.150709	4	10	0.400000	8	2	2	4
S0013:	173	565	0.306195	9	10	0.900000	5	4	0	1
S0014:	164	654	0.250765	8	10	0.800000	3	1	1	1
S0015:	115	564	0.203901	6	10	0.600000	5	1	2	2
S0016:	154	593	0.259696	7	10	0.700000	4	1	2	1
S0017:	171	580	0.294828	9	10	0.900000	2	1	1	0
S0018:	138	575	0.240000	8	10	0.800000	2	0	2	0
S0019:	117	598	0.195652	6	10	0.600000	4	0	1	3
S0020:	139	516	0.269380	6	10	0.600000	4	0	2	2
S0021:	155	640	0.242188	6	10	0.600000	5	1	2	2
S0022:	164	609	0.269294	9	10	0.900000	2	1	0	1
S0023:	180	681	0.264317	6	10	0.600000	5	1	2	2
S0024:	166	634	0.261830	7	10	0.700000	3	0	2	1
S0025:	155	552	0.280797	8	10	0.800000	8	5	3	0
S0026:	149	651	0.228879	7	10	0.700000	4	1	1	2
S0027:	161	587	0.274276	8	10	0.800000	3	1	0	2
S0028:	159	701	0.226819	7	10	0.700000	5	2	2	1
S0029:	129	562	0.229537	7	10	0.700000	6	3	0	3
S0030:	138	517	0.266925	8	10	0.800000	2	0	1	1
S0031:	172	647	0.265842	9	10	0.900000	3	2	1	0
S0032:	151	644	0.234472	5	10	0.500000	5	0	4	1
S0033:	160	653	0.245023	8	10	0.800000	4	1	2	1
S0034:	162	573	0.282723	9	10	0.900000	2	1	0	1
S0035:	168	590	0.284746	7	10	0.700000	3	0	3	0
S0036:	149	545	0.273394	7	10	0.700000	3	0	2	1
S0037:	132	568	0.232394	4	10	0.400000	6	0	4	2
S0038:	87	539	0.161410	4	10	0.400000	6	0	2	3
S0039:	162	612	0.264706	7	10	0.700000	4	1	1	2
S0040:	142	630	0.225397	7	10	0.700000	3	0	0	3
S0041:	167	575	0.290435	9	10	0.900000	1	0	1	0
S0042:	156	608	0.256579	9	10	0.900000	4	3	1	0
S0043:	124	487	0.254620	6	10	0.600000	4	0	1	3
S0044:	134	623	0.215088	5	10	0.500000	6	1	3	2
S0045:	172	681	0.252570	7	10	0.700000	3	0	3	0
S0046:	158	581	0.271945	9	10	0.900000	3	2	1	0
S0047:	145	616	0.235390	5	10	0.500000	5	0	0	5
S0048:	191	703	0.271693	8	10	0.800000	3	1	1	1
S0049:	148	721	0.205270	7	10	0.700000	4	1	2	1
S0050:	133	543	0.244936	7	10	0.700000	3	0	2	1
S0051:	186	640	0.290625	8	10	0.800000	3	1	2	0
S0052:	172	642	0.267913	8	10	0.800000	2	0	1	1
S0053:	193	642	0.300623	8	10	0.800000	2	0	2	0
S0054:	151	573	0.263525	8	10	0.800000	2	0	0	2
S0055:	145	583	0.248714	6	10	0.600000	4	0	4	0
S0056:	124	548	0.226277	6	10	0.600000	4	0	2	2
S0057:	193	646	0.298762	9	10	0.900000	1	0	0	1
S0058:	184	654	0.281346	9	10	0.900000	2	1	1	0
S0059:	171	716	0.238827	8	10	0.800000	3	1	1	1
S0060:	214	726	0.294766	9	10	0.900000	4	3	1	0
S0061:	204	695	0.293525	8	10	0.800000	3	1	2	0
S0062:	159	554	0.287004	10	10	1.000000	0	0	0	0
S0063:	182	634	0.287066	8	10	0.800000	4	2	0	2
S0064:	179	657	0.272451	8	10	0.800000	2	0	0	2
S0065:	125	517	0.241779	7	10	0.700000	6	3	1	2
S0066:	149	532	0.280075	7	10	0.700000	3	0	3	0
S0067:	143	560	0.255357	7	10	0.700000	4	1	2	1
S0068:	127	554	0.229242	7	10	0.700000	3	0	3	0
S0069:	125	558	0.224014	6	10	0.600000	4	0	4	0
S0070:	158	603	0.262023	9	10	0.900000	2	1	1	0
S0071:	126	667	0.188906	6	10	0.600000	4	0	3	1
S0072:	192	666	0.288288	10	10	1.000000	1	1	0	0
S0073:	146	615	0.237398	8	10	0.800000	4	2	2	0
S0074:	159	576	0.276042	7	10	0.700000	3	0	3	0
S0075:	136	529	0.257089	6	10	0.600000	4	0	1	3
S0076:	170	587	0.289608	8	10	0.800000	2	0	2	0
S0077:	168	564	0.297872	9	10	0.900000	2	1	1	0
S0078:	165	657	0.251142	7	10	0.700000	4	1	3	0
S0079:	187	706	0.264873	9	10	0.900000	2	1	1	0
S0080:	150	579	0.259067	7	10	0.700000	4	1	3	0
S0081:	137	566	0.242049	6	10	0.600000	4	0	4	0
S0082:	121	601	0.201331	6	10	0.600000	4	0	3	1
S0083:	123	565	0.217699	6	10	0.600000	4	0	2	2
S0084:	143	555	0.257658	7	10	0.700000	4	1	2	1
S0085:	132	611	0.216039	7	10	0.700000	3	0	3	0
S0086:	162	591	0.274112	8	10	0.800000	10	7	2	1
S0087:	147	541	0.271719	9	10	0.900000	2	1	1	0
S0088:	188	666	0.282282	9	10	0.900000	1	0	1	0
S0089:	145	557	0.260323	9	10	0.900000	1	0	1	0
S0090:	127	651	0.195084	7	10	0.700000	4	0	3	1
S0091:	158	643	0.245723	7	10	0.700000	5	1	4	0
S0092:	163	592	0.275338	9	10	0.900000	1	0	1	0
S0093:	187	666	0.280781	10	10	1.000000	1	1	0	0
S0094:	114	535	0.213084	5	10	0.500000	7	2	4	1
S0095:	199	704	0.282670	7	10	0.700000	4	1	3	0
S0096:	164	635	0.258268	7	10	0.700000	6	3	1	2
S0097:	125	559	0.223614	5	10	0.500000	5	0	4	1
S0098:	185	687	0.269287	9	10	0.900000	5	3	2	0
S0099:	106	518	0.204633	7	10	0.700000	3	0	1	2
Ave.:	15292	60468	0.252894	733	1000	0.733000	360	87	172	99 
