The test group: G_19 
sentenceID:/correctFrame/totalFrame/rate_frame/correctSign/groundtruth/rate_sign/distance/insert/delete/substitute
S0000:	176	283	0.621908	9	10	0.900000	5	4	0	1
S0001:	189	268	0.705224	10	10	1.000000	5	3	1	0
S0002:	177	283	0.625442	10	10	1.000000	10	10	0	0
S0003:	201	286	0.702797	10	10	1.000000	8	7	1	0
S0004:	190	282	0.673759	10	10	1.000000	14	14	0	0
S0005:	209	302	0.692053	9	10	0.900000	5	3	1	1
S0006:	201	279	0.720430	9	10	0.900000	9	8	0	1
S0007:	212	285	0.743860	9	10	0.900000	10	6	2	0
S0008:	189	278	0.679856	9	10	0.900000	13	11	1	1
S0009:	207	309	0.669903	10	10	1.000000	9	9	0	0
S0010:	160	276	0.579710	10	10	1.000000	10	7	1	0
S0011:	198	300	0.660000	9	10	0.900000	7	6	0	1
S0012:	181	273	0.663004	9	10	0.900000	9	8	0	1
S0013:	185	287	0.644599	9	10	0.900000	7	6	0	1
S0014:	171	281	0.608541	9	10	0.900000	6	5	0	1
S0015:	184	297	0.619529	7	10	0.700000	8	4	1	3
S0016:	155	261	0.593870	10	10	1.000000	8	8	0	0
S0017:	167	261	0.639847	10	10	1.000000	8	7	1	0
S0018:	209	304	0.687500	10	10	1.000000	5	5	0	0
S0019:	186	288	0.645833	9	10	0.900000	13	11	1	1
S0020:	181	268	0.675373	10	10	1.000000	3	2	1	0
S0021:	179	304	0.588816	9	10	0.900000	8	7	0	1
S0022:	209	306	0.683007	10	10	1.000000	9	9	0	0
S0023:	185	268	0.690299	10	10	1.000000	5	5	0	0
S0024:	226	343	0.658892	10	10	1.000000	8	7	1	0
S0025:	233	325	0.716923	9	10	0.900000	5	3	2	0
S0026:	211	309	0.682848	9	10	0.900000	7	5	1	1
S0027:	176	261	0.674330	10	10	1.000000	6	6	0	0
S0028:	212	302	0.701987	10	10	1.000000	13	13	0	0
S0029:	216	282	0.765957	9	10	0.900000	7	6	1	0
S0030:	173	263	0.657795	10	10	1.000000	5	4	1	0
S0031:	202	313	0.645367	9	10	0.900000	11	9	1	1
S0032:	180	277	0.649819	9	10	0.900000	9	8	0	1
S0033:	212	289	0.733564	9	10	0.900000	3	2	0	1
S0034:	175	294	0.595238	9	10	0.900000	11	10	0	1
S0035:	167	274	0.609489	9	10	0.900000	9	5	1	1
S0036:	178	275	0.647273	10	10	1.000000	6	6	0	0
S0037:	186	259	0.718147	10	10	1.000000	4	4	0	0
S0038:	177	286	0.618881	9	10	0.900000	7	3	1	1
S0039:	177	278	0.636691	10	10	1.000000	8	7	1	0
S0040:	172	277	0.620939	10	10	1.000000	9	8	1	0
S0041:	214	280	0.764286	9	10	0.900000	3	2	0	1
S0042:	208	306	0.679739	10	10	1.000000	11	11	0	0
S0043:	196	281	0.697509	10	10	1.000000	8	8	0	0
S0044:	175	255	0.686275	10	10	1.000000	11	11	0	0
S0045:	179	266	0.672932	10	10	1.000000	9	6	1	0
S0046:	185	279	0.663082	10	10	1.000000	8	6	1	0
S0047:	190	293	0.648464	8	10	0.800000	11	7	1	2
S0048:	186	278	0.669065	10	10	1.000000	5	5	0	0
S0049:	198	274	0.722628	10	10	1.000000	5	5	0	0
S0050:	155	247	0.627530	9	10	0.900000	7	6	0	1
S0051:	172	283	0.607774	10	10	1.000000	11	11	0	0
S0052:	198	322	0.614907	9	10	0.900000	16	15	0	1
S0053:	190	261	0.727969	10	10	1.000000	3	3	0	0
S0054:	180	255	0.705882	10	10	1.000000	5	5	0	0
S0055:	162	271	0.597786	9	10	0.900000	7	4	1	1
S0056:	198	273	0.725275	10	10	1.000000	7	6	1	0
S0057:	219	296	0.739865	10	10	1.000000	4	3	1	0
S0058:	204	333	0.612613	8	10	0.800000	10	7	1	2
S0059:	197	287	0.686411	10	10	1.000000	6	5	1	0
S0060:	183	270	0.677778	10	10	1.000000	6	5	1	0
S0061:	223	338	0.659763	9	10	0.900000	8	6	1	1
S0062:	184	274	0.671533	10	10	1.000000	5	5	0	0
S0063:	187	285	0.656140	10	10	1.000000	9	8	1	0
S0064:	201	299	0.672241	9	10	0.900000	6	5	0	1
S0065:	165	275	0.600000	10	10	1.000000	14	9	1	0
S0066:	191	286	0.667832	10	10	1.000000	9	9	0	0
S0067:	185	264	0.700758	10	10	1.000000	7	7	0	0
S0068:	163	274	0.594891	10	10	1.000000	12	12	0	0
S0069:	169	278	0.607914	9	10	0.900000	11	7	1	1
S0070:	166	235	0.706383	10	10	1.000000	9	9	0	0
S0071:	211	308	0.685065	10	10	1.000000	5	5	0	0
S0072:	172	275	0.625455	10	10	1.000000	12	12	0	0
S0073:	175	281	0.622776	8	10	0.800000	9	6	3	0
S0074:	195	287	0.679443	10	10	1.000000	4	3	1	0
S0075:	183	284	0.644366	9	10	0.900000	9	8	0	1
S0076:	189	318	0.594340	9	10	0.900000	13	12	0	1
S0077:	191	280	0.682143	10	10	1.000000	5	4	1	0
S0078:	236	302	0.781457	9	10	0.900000	7	6	0	1
S0079:	189	269	0.702602	10	10	1.000000	8	7	1	0
S0080:	198	270	0.733333	10	10	1.000000	7	4	1	0
S0081:	209	314	0.665605	10	10	1.000000	7	6	1	0
S0082:	183	255	0.717647	10	10	1.000000	4	3	1	0
S0083:	194	318	0.610063	10	10	1.000000	12	11	1	0
S0084:	206	327	0.629969	10	10	1.000000	9	9	0	0
S0085:	204	273	0.747253	10	10	1.000000	9	9	0	0
S0086:	216	299	0.722408	10	10	1.000000	5	4	1	0
S0087:	205	277	0.740072	10	10	1.000000	5	5	0	0
S0088:	231	319	0.724138	10	10	1.000000	6	6	0	0
S0089:	207	283	0.731449	10	10	1.000000	8	7	1	0
S0090:	181	276	0.655797	9	10	0.900000	10	7	1	1
S0091:	192	291	0.659794	9	10	0.900000	6	5	0	1
S0092:	194	292	0.664384	9	10	0.900000	13	12	0	1
S0093:	191	267	0.715356	10	10	1.000000	5	5	0	0
S0094:	213	284	0.750000	9	10	0.900000	5	4	0	1
S0095:	198	271	0.730627	10	10	1.000000	7	7	0	0
S0096:	214	289	0.740484	10	10	1.000000	10	10	0	0
S0097:	179	289	0.619377	9	10	0.900000	7	6	0	1
S0098:	226	282	0.801418	10	10	1.000000	2	1	1	0
S0099:	238	311	0.765273	10	10	1.000000	7	6	1	0
Ave.:	19217	28545	0.673218	956	1000	0.956000	781	669	50	39 
