The test group: G_3 
sentenceID:/correctFrame/totalFrame/rate_frame/correctSign/groundtruth/rate_sign/distance/insert/delete/substitute
S0000:	119	155	0.767742	10	10	1.000000	5	5	0	0
S0001:	143	166	0.861446	9	10	0.900000	2	1	0	1
S0002:	127	169	0.751479	8	10	0.800000	7	5	0	2
S0003:	149	180	0.827778	8	10	0.800000	2	0	1	1
S0004:	113	145	0.779310	9	10	0.900000	2	1	0	1
S0005:	132	172	0.767442	9	10	0.900000	5	4	0	1
S0006:	127	158	0.803797	9	10	0.900000	4	3	1	0
S0007:	147	161	0.913043	10	10	1.000000	1	1	0	0
S0008:	141	168	0.839286	9	10	0.900000	4	2	2	0
S0009:	104	144	0.722222	10	10	1.000000	3	3	0	0
S0010:	142	159	0.893082	10	10	1.000000	1	1	0	0
S0011:	129	171	0.754386	9	10	0.900000	5	4	0	1
S0012:	119	145	0.820690	9	10	0.900000	4	2	1	1
S0013:	128	152	0.842105	9	10	0.900000	2	1	0	1
S0014:	135	176	0.767045	10	10	1.000000	4	4	0	0
S0015:	120	175	0.685714	10	10	1.000000	6	6	0	0
S0016:	146	186	0.784946	10	10	1.000000	3	3	0	0
S0017:	130	167	0.778443	10	10	1.000000	4	4	0	0
S0018:	134	168	0.797619	8	10	0.800000	7	5	1	1
S0019:	117	147	0.795918	10	10	1.000000	3	3	0	0
S0020:	156	170	0.917647	10	10	1.000000	2	1	1	0
S0021:	150	192	0.781250	9	10	0.900000	4	3	0	1
S0022:	149	174	0.856322	10	10	1.000000	0	0	0	0
S0023:	180	203	0.886700	10	10	1.000000	1	1	0	0
S0024:	136	167	0.814371	10	10	1.000000	2	2	0	0
S0025:	157	177	0.887006	9	10	0.900000	2	1	0	1
S0026:	135	179	0.754190	10	10	1.000000	5	5	0	0
S0027:	155	187	0.828877	9	10	0.900000	3	2	0	1
S0028:	179	227	0.788546	9	10	0.900000	5	3	1	1
S0029:	138	167	0.826347	9	10	0.900000	6	5	0	1
S0030:	114	145	0.786207	10	10	1.000000	2	2	0	0
S0031:	159	184	0.864130	10	10	1.000000	3	3	0	0
S0032:	137	169	0.810651	10	10	1.000000	3	3	0	0
S0033:	154	183	0.841530	10	10	1.000000	1	1	0	0
S0034:	131	175	0.748571	9	10	0.900000	7	5	1	1
S0035:	165	183	0.901639	10	10	1.000000	3	3	0	0
S0036:	137	151	0.907285	10	10	1.000000	2	2	0	0
S0037:	123	164	0.750000	8	10	0.800000	3	1	1	1
S0038:	113	148	0.763514	9	10	0.900000	3	2	0	1
S0039:	154	188	0.819149	10	10	1.000000	3	3	0	0
S0040:	132	176	0.750000	10	10	1.000000	2	1	1	0
S0041:	135	153	0.882353	10	10	1.000000	3	3	0	0
S0042:	121	160	0.756250	10	10	1.000000	6	5	1	0
S0043:	137	160	0.856250	10	10	1.000000	1	1	0	0
S0044:	142	204	0.696078	10	10	1.000000	2	2	0	0
S0045:	145	213	0.680751	9	10	0.900000	5	4	0	1
S0046:	140	175	0.800000	10	10	1.000000	4	3	1	0
S0047:	149	189	0.788360	8	10	0.800000	3	1	1	1
S0048:	190	212	0.896226	10	10	1.000000	5	5	0	0
S0049:	157	213	0.737089	9	10	0.900000	4	2	1	1
S0050:	119	159	0.748428	9	10	0.900000	7	6	1	0
S0051:	154	172	0.895349	10	10	1.000000	2	2	0	0
S0052:	173	200	0.865000	10	10	1.000000	2	1	1	0
S0053:	151	177	0.853107	10	10	1.000000	2	2	0	0
S0054:	143	170	0.841176	9	10	0.900000	4	3	1	0
S0055:	148	166	0.891566	9	10	0.900000	3	1	2	0
S0056:	162	182	0.890110	10	10	1.000000	3	3	0	0
S0057:	159	211	0.753555	10	10	1.000000	4	4	0	0
S0058:	136	167	0.814371	9	10	0.900000	4	3	0	1
S0059:	179	243	0.736626	9	10	0.900000	4	3	1	0
S0060:	196	237	0.827004	9	10	0.900000	2	1	0	1
S0061:	167	187	0.893048	9	10	0.900000	4	3	1	0
S0062:	141	173	0.815029	10	10	1.000000	7	6	1	0
S0063:	171	191	0.895288	10	10	1.000000	2	2	0	0
S0064:	163	194	0.840206	9	10	0.900000	4	3	1	0
S0065:	130	158	0.822785	10	10	1.000000	4	3	1	0
S0066:	138	155	0.890323	9	10	0.900000	1	0	0	1
S0067:	127	153	0.830065	10	10	1.000000	3	3	0	0
S0068:	145	173	0.838150	9	10	0.900000	2	1	0	1
S0069:	110	135	0.814815	9	10	0.900000	4	3	1	0
S0070:	144	177	0.813559	10	10	1.000000	4	4	0	0
S0071:	144	181	0.795580	9	10	0.900000	3	2	1	0
S0072:	143	192	0.744792	10	10	1.000000	4	4	0	0
S0073:	151	186	0.811828	10	10	1.000000	3	2	1	0
S0074:	135	157	0.859873	10	10	1.000000	2	2	0	0
S0075:	133	164	0.810976	9	10	0.900000	3	2	0	1
S0076:	140	160	0.875000	9	10	0.900000	3	1	2	0
S0077:	122	148	0.824324	9	10	0.900000	4	3	0	1
S0078:	155	182	0.851648	10	10	1.000000	3	3	0	0
S0079:	158	194	0.814433	10	10	1.000000	2	1	1	0
S0080:	151	171	0.883041	10	10	1.000000	1	1	0	0
S0081:	140	167	0.838323	10	10	1.000000	0	0	0	0
S0082:	157	178	0.882022	10	10	1.000000	1	1	0	0
S0083:	130	150	0.866667	9	10	0.900000	1	0	1	0
S0084:	120	162	0.740741	10	10	1.000000	4	3	1	0
S0085:	161	172	0.936047	10	10	1.000000	0	0	0	0
S0086:	143	166	0.861446	10	10	1.000000	7	7	0	0
S0087:	131	159	0.823899	10	10	1.000000	5	5	0	0
S0088:	164	191	0.858639	9	10	0.900000	6	4	1	1
S0089:	152	171	0.888889	10	10	1.000000	1	1	0	0
S0090:	128	186	0.688172	9	10	0.900000	3	1	1	1
S0091:	166	183	0.907104	10	10	1.000000	0	0	0	0
S0092:	115	137	0.839416	10	10	1.000000	2	2	0	0
S0093:	148	195	0.758974	10	10	1.000000	4	4	0	0
S0094:	125	143	0.874126	10	10	1.000000	1	1	0	0
S0095:	160	197	0.812183	10	10	1.000000	2	2	0	0
S0096:	143	163	0.877301	10	10	1.000000	5	5	0	0
S0097:	117	169	0.692308	8	10	0.800000	4	2	0	2
S0098:	140	180	0.777778	10	10	1.000000	7	6	1	0
S0099:	112	142	0.788732	9	10	0.900000	2	1	0	1
Ave.:	14212	17378	0.817816	952	1000	0.952000	324	256	36	32 
