The test group: G_1 
sentenceID:/correctFrame/totalFrame/rate_frame/correctSign/groundtruth/rate_sign/distance/insert/delete/substitute
S0000:	109	310	0.351613	3	6	0.500000	3	0	2	1
S0001:	226	324	0.697531	5	6	0.833333	1	0	1	0
S0002:	135	273	0.494505	4	6	0.666667	2	0	2	0
S0003:	182	396	0.459596	3	7	0.428571	4	0	3	0
S0004:	98	295	0.332203	2	5	0.400000	3	0	2	0
S0005:	117	164	0.713415	3	4	0.750000	1	0	1	0
S0006:	140	185	0.756757	3	4	0.750000	1	0	1	0
S0007:	101	158	0.639241	2	3	0.666667	1	0	1	0
S0008:	79	230	0.343478	2	4	0.500000	2	0	2	0
S0009:	46	100	0.460000	0	3	0.000000	3	0	1	0
S0010:	25	128	0.195313	0	3	0.000000	3	0	1	0
S0011:	162	158	1.025316	3	3	1.000000	0	0	0	0
S0012:	51	143	0.356643	2	4	0.500000	2	0	2	0
S0013:	0	102	0.000000	0	3	0.000000	3	0	1	0
S0014:	71	158	0.449367	2	4	0.500000	2	0	1	0
S0015:	90	180	0.500000	2	4	0.500000	2	0	1	1
S0016:	80	217	0.368664	2	5	0.400000	3	0	1	1
S0017:	134	248	0.540323	3	5	0.600000	2	0	1	0
S0018:	102	286	0.356643	2	5	0.400000	3	0	2	1
S0019:	81	152	0.532895	0	4	0.000000	4	0	1	0
S0020:	127	183	0.693989	2	4	0.500000	2	0	1	0
S0021:	30	210	0.142857	2	4	0.500000	2	0	1	1
S0022:	135	323	0.417957	3	6	0.500000	3	0	2	0
S0023:	74	361	0.204986	0	6	0.000000	6	0	1	0
S0024:	269	398	0.675879	5	7	0.714286	2	0	2	0
S0025:	65	243	0.267490	2	4	0.500000	2	0	2	0
S0026:	109	253	0.430830	0	5	0.000000	5	0	1	0
S0027:	75	257	0.291829	2	4	0.500000	2	0	2	0
S0028:	180	202	0.891089	4	4	1.000000	0	0	0	0
S0029:	190	279	0.681004	2	4	0.500000	2	0	1	0
S0030:	101	283	0.356890	2	5	0.400000	3	0	2	1
S0031:	83	82	1.012195	2	2	1.000000	0	0	0	0
S0032:	199	344	0.578488	5	6	0.833333	1	0	0	1
S0033:	162	158	1.025316	3	3	1.000000	0	0	0	0
S0034:	130	214	0.607477	3	4	0.750000	1	0	1	0
S0035:	163	317	0.514196	5	6	0.833333	2	1	0	1
S0036:	248	355	0.698592	6	6	1.000000	3	3	0	0
S0037:	106	334	0.317365	4	7	0.571429	3	0	3	0
S0038:	154	288	0.534722	5	6	0.833333	2	1	1	0
S0039:	178	306	0.581699	5	6	0.833333	1	0	1	0
S0040:	208	231	0.900433	5	5	1.000000	0	0	0	0
S0041:	97	177	0.548023	2	4	0.500000	2	0	1	0
S0042:	227	346	0.656069	5	6	0.833333	2	1	1	0
S0043:	124	289	0.429066	3	6	0.500000	3	0	3	0
S0044:	148	278	0.532374	3	6	0.500000	3	0	3	0
S0045:	229	349	0.656160	5	6	0.833333	3	2	1	0
S0046:	144	310	0.464516	3	6	0.500000	3	0	3	0
S0047:	219	330	0.663636	4	6	0.666667	2	0	2	0
S0048:	91	148	0.614865	0	3	0.000000	3	0	1	0
S0049:	119	161	0.739130	3	4	0.750000	1	0	1	0
S0050:	199	275	0.723636	4	5	0.800000	1	0	1	0
S0051:	34	161	0.211180	0	4	0.000000	4	0	1	0
S0052:	84	159	0.528302	2	4	0.500000	2	0	1	0
S0053:	146	237	0.616034	3	4	0.750000	1	0	1	0
S0054:	254	382	0.664921	6	7	0.857143	1	0	1	0
S0055:	217	293	0.740614	5	6	0.833333	1	0	1	0
S0056:	242	270	0.896296	6	6	1.000000	0	0	0	0
S0057:	166	182	0.912088	4	4	1.000000	0	0	0	0
S0058:	105	148	0.709459	3	4	0.750000	1	0	1	0
S0059:	261	379	0.688654	6	7	0.857143	1	0	1	0
S0060:	140	149	0.939597	3	4	0.750000	1	0	1	0
S0061:	128	299	0.428094	4	6	0.666667	2	0	1	1
S0062:	183	284	0.644366	5	6	0.833333	1	0	1	0
S0063:	122	215	0.567442	3	4	0.750000	1	0	1	0
S0064:	214	301	0.710963	6	6	1.000000	0	0	0	0
S0065:	161	288	0.559028	3	6	0.500000	3	0	1	0
S0066:	84	90	0.933333	2	3	0.666667	1	0	1	0
S0067:	155	168	0.922619	4	4	1.000000	0	0	0	0
S0068:	225	472	0.476695	4	8	0.500000	4	0	1	0
S0069:	199	281	0.708185	5	6	0.833333	1	0	1	0
S0070:	127	259	0.490347	2	5	0.400000	3	0	2	1
S0071:	227	294	0.772109	5	5	1.000000	1	1	0	0
S0072:	179	383	0.467363	3	7	0.428571	4	0	2	0
S0073:	71	270	0.262963	3	5	0.600000	2	0	1	0
S0074:	100	292	0.342466	0	5	0.000000	5	0	1	0
S0075:	239	280	0.853571	3	4	0.750000	1	0	1	0
S0076:	300	489	0.613497	7	9	0.777778	3	1	1	1
S0077:	313	617	0.507293	7	10	0.700000	4	1	2	1
S0078:	87	246	0.353659	0	4	0.000000	4	0	1	0
S0079:	205	252	0.813492	5	5	1.000000	0	0	0	0
S0080:	214	423	0.505910	5	8	0.625000	6	3	2	1
S0081:	133	403	0.330025	3	7	0.428571	4	0	4	0
S0082:	294	357	0.823529	4	5	0.800000	1	0	1	0
S0083:	147	242	0.607438	4	5	0.800000	1	0	1	0
S0084:	135	266	0.507519	4	5	0.800000	1	0	1	0
S0085:	206	349	0.590258	2	5	0.400000	3	0	3	0
S0086:	221	364	0.607143	5	6	0.833333	2	1	1	0
S0087:	179	310	0.577419	4	5	0.800000	1	0	1	0
S0088:	162	287	0.564460	4	5	0.800000	1	0	1	0
S0089:	237	349	0.679083	5	6	0.833333	1	0	1	0
S0090:	201	274	0.733577	5	5	1.000000	0	0	0	0
S0091:	254	428	0.593458	6	7	0.857143	1	0	0	1
S0092:	284	428	0.663551	7	8	0.875000	1	0	1	0
S0093:	103	214	0.481308	0	4	0.000000	4	0	1	0
S0094:	220	397	0.554156	6	7	0.857143	1	0	1	0
S0095:	245	285	0.859649	5	5	1.000000	0	0	0	0
S0096:	100	194	0.515464	3	4	0.750000	1	0	1	0
S0097:	52	187	0.278075	0	4	0.000000	4	0	1	0
S0098:	250	314	0.796178	3	5	0.600000	2	0	2	0
S0099:	220	456	0.482456	7	8	0.875000	3	2	1	0
S0100:	166	190	0.873684	4	4	1.000000	0	0	0	0
S0101:	41	209	0.196172	0	5	0.000000	5	0	1	0
S0102:	167	308	0.542208	3	5	0.600000	2	0	2	0
S0103:	179	373	0.479893	4	6	0.666667	2	0	2	0
S0104:	192	353	0.543909	5	7	0.714286	2	0	2	0
S0105:	359	561	0.639929	7	9	0.777778	2	0	1	1
S0106:	260	420	0.619048	4	8	0.500000	4	0	1	0
S0107:	216	319	0.677116	4	6	0.666667	2	0	2	0
S0108:	333	581	0.573150	8	10	0.800000	3	1	2	0
S0109:	187	256	0.730469	4	5	0.800000	1	0	1	0
S0110:	246	486	0.506173	5	9	0.555556	4	0	2	0
S0111:	242	412	0.587379	8	8	1.000000	0	0	0	0
S0112:	209	256	0.816406	4	5	0.800000	1	0	1	0
S0113:	167	233	0.716738	3	4	0.750000	1	0	0	1
S0114:	186	243	0.765432	5	5	1.000000	0	0	0	0
S0115:	208	370	0.562162	5	7	0.714286	2	0	2	0
S0116:	129	193	0.668394	2	4	0.500000	2	0	2	0
S0117:	223	258	0.864341	5	5	1.000000	0	0	0	0
S0118:	418	632	0.661392	9	10	0.900000	2	1	1	0
S0119:	201	295	0.681356	5	7	0.714286	2	0	2	0
S0120:	361	522	0.691571	8	9	0.888889	3	2	1	0
S0121:	54	79	0.683544	0	2	0.000000	2	0	1	0
S0122:	74	76	0.973684	2	2	1.000000	0	0	0	0
S0123:	84	71	1.183099	2	2	1.000000	0	0	0	0
S0124:	67	62	1.080645	2	2	1.000000	0	0	0	0
S0125:	88	80	1.100000	2	2	1.000000	0	0	0	0
S0126:	112	159	0.704403	2	3	0.666667	1	0	1	0
S0127:	146	236	0.618644	3	4	0.750000	1	0	1	0
S0128:	87	183	0.475410	2	3	0.666667	1	0	1	0
S0129:	43	67	0.641791	0	2	0.000000	2	0	1	0
S0130:	68	91	0.747253	2	2	1.000000	0	0	0	0
S0131:	133	185	0.718919	3	4	0.750000	1	0	1	0
S0132:	161	180	0.894444	4	4	1.000000	0	0	0	0
S0133:	89	197	0.451777	2	4	0.500000	2	0	2	0
S0134:	69	68	1.014706	2	2	1.000000	0	0	0	0
S0135:	45	141	0.319149	3	3	1.000000	0	0	0	0
S0136:	105	216	0.486111	4	4	1.000000	0	0	0	0
S0137:	34	118	0.288136	0	3	0.000000	3	0	1	0
S0138:	115	207	0.555556	3	4	0.750000	1	0	1	0
S0139:	52	75	0.693333	2	2	1.000000	0	0	0	0
S0140:	159	188	0.845745	4	4	1.000000	0	0	0	0
S0141:	76	92	0.826087	2	3	0.666667	1	0	1	0
S0142:	115	213	0.539906	3	4	0.750000	1	0	1	0
S0143:	55	208	0.264423	0	4	0.000000	4	0	1	0
S0144:	85	98	0.867347	2	2	1.000000	0	0	0	0
S0145:	133	204	0.651961	3	4	0.750000	1	0	1	0
S0146:	152	245	0.620408	4	5	0.800000	1	0	1	0
S0147:	119	185	0.643243	4	4	1.000000	0	0	0	0
S0148:	28	47	0.595745	0	2	0.000000	2	0	1	0
S0149:	73	82	0.890244	0	2	0.000000	2	0	1	0
S0150:	34	35	0.971429	0	2	0.000000	2	0	1	0
S0151:	223	262	0.851145	5	5	1.000000	0	0	0	0
S0152:	67	119	0.563025	0	3	0.000000	3	0	1	0
S0153:	75	143	0.524476	2	3	0.666667	1	0	1	0
S0154:	82	91	0.901099	2	2	1.000000	2	2	0	0
S0155:	208	327	0.636086	5	6	0.833333	2	1	1	0
S0156:	152	276	0.550725	0	5	0.000000	5	0	1	0
S0157:	84	240	0.350000	0	4	0.000000	4	0	1	0
S0158:	91	234	0.388889	3	4	0.750000	1	0	1	0
S0159:	66	328	0.201220	2	5	0.400000	3	0	2	0
S0160:	160	289	0.553633	2	5	0.400000	3	0	3	0
S0161:	143	272	0.525735	2	5	0.400000	3	0	3	0
S0162:	79	192	0.411458	0	4	0.000000	4	0	1	0
S0163:	70	446	0.156951	0	7	0.000000	7	0	1	0
S0164:	82	116	0.706897	0	3	0.000000	3	0	1	0
S0165:	118	133	0.887218	3	3	1.000000	0	0	0	0
S0166:	108	123	0.878049	3	3	1.000000	0	0	0	0
S0167:	120	388	0.309278	3	6	0.500000	3	0	3	0
S0168:	134	174	0.770115	4	4	1.000000	0	0	0	0
S0169:	106	180	0.588889	4	4	1.000000	0	0	0	0
S0170:	252	325	0.775385	4	6	0.666667	2	0	2	0
S0171:	224	281	0.797153	3	5	0.600000	2	0	2	0
S0172:	41	296	0.138514	0	4	0.000000	4	0	1	0
S0173:	72	204	0.352941	0	4	0.000000	4	0	1	0
S0174:	126	209	0.602871	3	4	0.750000	1	0	1	0
S0175:	194	287	0.675958	5	5	1.000000	0	0	0	0
S0176:	158	264	0.598485	3	6	0.500000	3	0	1	2
S0177:	189	229	0.825328	4	5	0.800000	1	0	1	0
S0178:	180	190	0.947368	4	4	1.000000	0	0	0	0
S0179:	77	77	1.000000	2	2	1.000000	0	0	0	0
S0180:	59	56	1.053571	2	2	1.000000	0	0	0	0
S0181:	107	107	1.000000	2	2	1.000000	0	0	0	0
S0182:	59	88	0.670455	2	2	1.000000	0	0	0	0
S0183:	103	100	1.030000	2	2	1.000000	0	0	0	0
S0184:	127	150	0.846667	2	3	0.666667	1	0	1	0
S0185:	95	151	0.629139	2	3	0.666667	1	0	1	0
S0186:	101	133	0.759398	3	3	1.000000	0	0	0	0
S0187:	126	127	0.992126	3	3	1.000000	0	0	0	0
S0188:	118	127	0.929134	3	3	1.000000	0	0	0	0
S0189:	108	132	0.818182	3	3	1.000000	0	0	0	0
S0190:	114	113	1.008850	2	2	1.000000	0	0	0	0
S0191:	54	127	0.425197	0	2	0.000000	2	0	1	0
S0192:	54	73	0.739726	0	2	0.000000	2	0	1	0
S0193:	77	82	0.939024	2	2	1.000000	2	2	0	0
S0194:	105	99	1.060606	2	2	1.000000	0	0	0	0
S0195:	269	340	0.791176	5	5	1.000000	1	1	0	0
S0196:	238	393	0.605598	4	6	0.666667	2	0	0	2
S0197:	261	332	0.786145	5	5	1.000000	1	1	0	0
S0198:	294	390	0.753846	6	6	1.000000	1	1	0	0
S0199:	254	340	0.747059	6	6	1.000000	0	0	0	0
S0200:	71	173	0.410405	0	3	0.000000	3	0	1	0
S0201:	168	223	0.753363	4	4	1.000000	0	0	0	0
S0202:	273	329	0.829787	4	5	0.800000	1	0	1	0
S0203:	168	279	0.602151	4	5	0.800000	1	0	1	0
S0204:	131	214	0.612150	3	4	0.750000	1	0	1	0
S0205:	199	280	0.710714	4	5	0.800000	1	0	1	0
S0206:	121	138	0.876812	3	3	1.000000	0	0	0	0
S0207:	104	178	0.584270	3	3	1.000000	0	0	0	0
S0208:	362	435	0.832184	7	7	1.000000	0	0	0	0
Ave.:	30783	51120	0.602171	653	973	0.671120	349	29	196	20 
