The test group: G_2 
sentenceID:/correctFrame/totalFrame/rate_frame/correctSign/groundtruth/rate_sign/distance/insert/delete/substitute
S0000:	462	675	0.684444	10	10	1.000000	6	4	1	0
S0001:	403	573	0.703316	10	10	1.000000	3	3	0	0
S0002:	428	603	0.709784	10	10	1.000000	2	2	0	0
S0003:	312	525	0.594286	8	10	0.800000	4	2	0	2
S0004:	265	534	0.496255	6	10	0.600000	10	6	0	4
S0005:	471	651	0.723502	8	10	0.800000	5	3	1	1
S0006:	411	624	0.658654	9	10	0.900000	3	2	0	1
S0007:	449	639	0.702660	9	10	0.900000	5	3	1	1
S0008:	502	651	0.771121	10	10	1.000000	3	3	0	0
S0009:	324	510	0.635294	6	10	0.600000	6	2	0	4
S0010:	336	528	0.636364	8	10	0.800000	4	2	1	1
S0011:	386	546	0.706960	8	10	0.800000	4	2	2	0
S0012:	328	504	0.650794	7	10	0.700000	5	1	1	3
S0013:	339	528	0.642045	9	10	0.900000	5	4	0	1
S0014:	342	546	0.626374	8	10	0.800000	3	1	1	1
S0015:	287	504	0.569444	6	10	0.600000	7	3	1	3
S0016:	412	537	0.767225	9	10	0.900000	1	0	0	1
S0017:	439	627	0.700159	9	10	0.900000	5	4	0	1
S0018:	401	624	0.642628	9	10	0.900000	5	4	0	1
S0019:	352	546	0.644689	8	10	0.800000	4	1	1	2
S0020:	235	588	0.399660	9	10	0.900000	11	10	0	1
S0021:	311	561	0.554367	5	10	0.500000	5	0	1	4
S0022:	263	597	0.440536	6	10	0.600000	13	8	1	4
S0023:	384	576	0.666667	8	10	0.800000	6	3	1	2
S0024:	405	567	0.714286	9	10	0.900000	5	3	2	0
S0025:	426	552	0.771739	9	10	0.900000	4	2	1	1
S0026:	431	606	0.711221	9	10	0.900000	4	2	1	1
S0027:	395	612	0.645425	9	10	0.900000	6	5	0	1
S0028:	352	528	0.666667	9	10	0.900000	6	4	1	1
S0029:	409	648	0.631173	7	10	0.700000	6	3	0	3
S0030:	418	591	0.707276	10	10	1.000000	5	5	0	0
S0031:	417	633	0.658768	8	10	0.800000	5	2	1	2
S0032:	406	636	0.638365	8	10	0.800000	6	4	0	2
S0033:	364	531	0.685499	9	10	0.900000	5	4	0	1
S0034:	389	537	0.724395	10	10	1.000000	2	2	0	0
S0035:	437	657	0.665145	10	10	1.000000	3	2	1	0
S0036:	504	648	0.777778	9	10	0.900000	2	1	0	1
S0037:	295	564	0.523050	7	10	0.700000	8	5	0	3
S0038:	412	609	0.676519	9	10	0.900000	5	4	0	1
S0039:	286	477	0.599581	6	10	0.600000	4	0	1	3
S0040:	380	624	0.608974	9	10	0.900000	7	4	1	1
S0041:	479	570	0.840351	9	10	0.900000	4	2	1	1
S0042:	412	627	0.657097	9	10	0.900000	4	2	1	1
S0043:	249	480	0.518750	6	10	0.600000	6	2	0	4
S0044:	372	549	0.677596	10	10	1.000000	4	4	0	0
S0045:	264	537	0.491620	5	10	0.500000	9	4	2	3
S0046:	331	552	0.599638	7	10	0.700000	5	1	1	3
S0047:	387	555	0.697297	9	10	0.900000	4	3	0	1
S0048:	431	675	0.638519	9	10	0.900000	4	3	0	1
S0049:	427	582	0.733677	8	10	0.800000	2	0	0	2
S0050:	383	630	0.607937	7	10	0.700000	7	3	1	3
S0051:	372	564	0.659574	8	10	0.800000	5	2	1	2
S0052:	308	573	0.537522	8	10	0.800000	6	4	0	2
S0053:	461	702	0.656695	10	10	1.000000	6	5	1	0
S0054:	297	483	0.614907	8	10	0.800000	6	4	0	2
S0055:	390	612	0.637255	9	10	0.900000	3	2	1	0
S0056:	375	594	0.631313	8	10	0.800000	5	2	1	2
S0057:	393	594	0.661616	10	10	1.000000	3	3	0	0
S0058:	286	585	0.488889	5	10	0.500000	7	1	1	5
S0059:	419	615	0.681301	10	10	1.000000	8	7	1	0
S0060:	339	546	0.620879	8	10	0.800000	6	4	0	2
S0061:	358	582	0.615120	7	10	0.700000	6	2	1	3
S0062:	293	585	0.500855	8	10	0.800000	8	5	1	2
S0063:	393	543	0.723757	10	10	1.000000	5	4	1	0
S0064:	299	447	0.668904	8	10	0.800000	3	1	0	2
S0065:	287	576	0.498264	7	10	0.700000	8	5	0	3
S0066:	354	564	0.627660	9	10	0.900000	5	4	0	1
S0067:	334	603	0.553897	7	10	0.700000	10	7	0	3
S0068:	366	588	0.622449	7	10	0.700000	6	3	0	3
S0069:	320	555	0.576577	8	10	0.800000	2	0	0	2
S0070:	493	603	0.817579	9	10	0.900000	1	0	0	1
S0071:	347	561	0.618538	8	10	0.800000	3	1	0	2
S0072:	396	549	0.721311	8	10	0.800000	3	1	0	2
S0073:	309	537	0.575419	6	10	0.600000	7	3	0	4
S0074:	390	657	0.593607	9	10	0.900000	7	6	0	1
S0075:	280	561	0.499109	7	10	0.700000	7	3	1	3
S0076:	309	561	0.550802	9	10	0.900000	12	11	0	1
S0077:	437	621	0.703704	9	10	0.900000	4	3	1	0
S0078:	361	585	0.617094	8	10	0.800000	7	5	0	2
S0079:	334	564	0.592199	7	10	0.700000	5	1	1	3
S0080:	440	606	0.726073	9	10	0.900000	3	2	0	1
S0081:	409	711	0.575246	9	10	0.900000	7	5	1	1
S0082:	440	624	0.705128	9	10	0.900000	2	1	0	1
S0083:	358	498	0.718876	8	10	0.800000	6	4	0	2
S0084:	447	636	0.702830	8	10	0.800000	3	1	0	2
S0085:	367	657	0.558600	7	10	0.700000	10	6	1	3
S0086:	364	630	0.577778	8	10	0.800000	6	2	1	2
S0087:	273	612	0.446078	5	10	0.500000	8	3	0	5
S0088:	299	483	0.619048	8	10	0.800000	5	3	1	1
S0089:	376	516	0.728682	9	10	0.900000	1	0	0	1
S0090:	414	564	0.734043	9	10	0.900000	2	1	1	0
S0091:	308	525	0.586667	7	10	0.700000	8	4	1	3
S0092:	423	600	0.705000	10	10	1.000000	2	2	0	0
S0093:	340	594	0.572391	9	10	0.900000	5	4	0	1
S0094:	421	648	0.649691	9	10	0.900000	7	6	0	1
S0095:	353	543	0.650092	7	10	0.700000	3	0	0	3
S0096:	405	579	0.699482	9	10	0.900000	6	5	0	1
S0097:	383	639	0.599374	8	10	0.800000	6	3	1	2
S0098:	442	597	0.740369	10	10	1.000000	2	2	0	0
S0099:	336	561	0.598930	9	10	0.900000	6	5	0	1
Ave.:	37201	58107	0.63956745	823	1000	0.823000	519	307	47	162


