The test group: G_3 
sentenceID:/correctFrame/totalFrame/rate_frame/correctSign/groundtruth/rate_sign/distance/insert/delete/substitute
S0000:	363	522	0.695402	10	10	1.000000	3	3	0	0
S0001:	397	552	0.719203	10	10	1.000000	4	3	1	0
S0002:	351	603	0.582090	8	10	0.800000	9	6	1	2
S0003:	414	585	0.707692	9	10	0.900000	3	2	0	1
S0004:	324	480	0.675000	9	10	0.900000	5	3	2	0
S0005:	396	561	0.705882	9	10	0.900000	8	6	1	1
S0006:	381	567	0.671958	10	10	1.000000	3	3	0	0
S0007:	434	591	0.734349	10	10	1.000000	5	5	0	0
S0008:	392	579	0.677029	10	10	1.000000	2	1	1	0
S0009:	322	519	0.620424	10	10	1.000000	3	2	1	0
S0010:	401	537	0.746741	9	10	0.900000	4	2	1	1
S0011:	351	600	0.585000	9	10	0.900000	5	4	0	1
S0012:	378	534	0.707865	9	10	0.900000	3	1	1	1
S0013:	429	534	0.803371	9	10	0.900000	1	0	0	1
S0014:	371	564	0.657801	10	10	1.000000	11	10	1	0
S0015:	362	573	0.631763	10	10	1.000000	3	3	0	0
S0016:	382	594	0.643098	10	10	1.000000	8	7	1	0
S0017:	398	564	0.705674	10	10	1.000000	1	1	0	0
S0018:	389	576	0.675347	9	10	0.900000	4	3	1	0
S0019:	346	522	0.662835	9	10	0.900000	5	4	1	0
S0020:	391	576	0.678819	9	10	0.900000	7	5	1	1
S0021:	429	678	0.632743	9	10	0.900000	7	5	1	1
S0022:	384	549	0.699454	10	10	1.000000	2	2	0	0
S0023:	449	678	0.662242	10	10	1.000000	5	5	0	0
S0024:	434	642	0.676012	10	10	1.000000	5	5	0	0
S0025:	456	594	0.767677	10	10	1.000000	2	2	0	0
S0026:	402	618	0.650485	9	10	0.900000	6	5	0	1
S0027:	420	627	0.669856	9	10	0.900000	7	6	0	1
S0028:	418	729	0.573388	8	10	0.800000	8	5	1	2
S0029:	407	564	0.721631	10	10	1.000000	5	5	0	0
S0030:	359	531	0.676083	9	10	0.900000	5	4	0	1
S0031:	401	579	0.692573	10	10	1.000000	6	5	1	0
S0032:	401	591	0.678511	10	10	1.000000	6	5	1	0
S0033:	423	582	0.726804	10	10	1.000000	5	5	0	0
S0034:	376	567	0.663139	10	10	1.000000	5	4	1	0
S0035:	434	621	0.698873	10	10	1.000000	11	11	0	0
S0036:	419	507	0.826430	10	10	1.000000	3	3	0	0
S0037:	350	516	0.678295	6	10	0.600000	5	1	2	2
S0038:	358	549	0.652095	10	10	1.000000	3	3	0	0
S0039:	404	603	0.669983	10	10	1.000000	4	3	1	0
S0040:	397	645	0.615504	9	10	0.900000	4	3	0	1
S0041:	379	531	0.713748	10	10	1.000000	5	5	0	0
S0042:	344	543	0.633517	10	10	1.000000	7	6	1	0
S0043:	400	519	0.770713	10	10	1.000000	1	1	0	0
S0044:	347	624	0.556090	10	10	1.000000	7	5	1	0
S0045:	387	687	0.563319	10	10	1.000000	11	11	0	0
S0046:	392	573	0.684119	10	10	1.000000	3	2	1	0
S0047:	416	600	0.693333	8	10	0.800000	3	1	1	1
S0048:	476	708	0.672316	10	10	1.000000	9	8	1	0
S0049:	427	684	0.624269	9	10	0.900000	5	3	1	1
S0050:	327	549	0.595628	9	10	0.900000	6	4	1	1
S0051:	439	588	0.746599	10	10	1.000000	4	4	0	0
S0052:	455	651	0.698925	10	10	1.000000	7	6	1	0
S0053:	482	633	0.761453	9	10	0.900000	3	2	0	1
S0054:	405	534	0.758427	9	10	0.900000	8	7	1	0
S0055:	389	564	0.689716	10	10	1.000000	6	5	1	0
S0056:	462	588	0.785714	10	10	1.000000	6	6	0	0
S0057:	417	681	0.612335	10	10	1.000000	11	10	1	0
S0058:	422	534	0.790262	10	10	1.000000	3	3	0	0
S0059:	452	771	0.586252	8	10	0.800000	6	4	0	2
S0060:	486	732	0.663934	10	10	1.000000	9	9	0	0
S0061:	441	639	0.690141	8	10	0.800000	6	3	1	2
S0062:	437	576	0.758681	10	10	1.000000	4	3	1	0
S0063:	444	666	0.666667	10	10	1.000000	4	4	0	0
S0064:	433	666	0.650150	10	10	1.000000	9	7	1	0
S0065:	350	513	0.682261	10	10	1.000000	5	4	1	0
S0066:	420	585	0.717949	9	10	0.900000	7	6	0	1
S0067:	385	522	0.737548	9	10	0.900000	3	2	0	1
S0068:	371	555	0.668468	9	10	0.900000	5	4	0	1
S0069:	355	522	0.680077	10	10	1.000000	6	5	1	0
S0070:	413	588	0.702381	9	10	0.900000	4	3	0	1
S0071:	406	603	0.673300	10	10	1.000000	6	5	1	0
S0072:	426	606	0.702970	9	10	0.900000	4	3	0	1
S0073:	420	615	0.682927	10	10	1.000000	6	4	1	0
S0074:	397	519	0.764933	10	10	1.000000	3	3	0	0
S0075:	385	537	0.716946	9	10	0.900000	2	1	0	1
S0076:	370	561	0.659537	9	10	0.900000	6	4	1	1
S0077:	350	519	0.674374	8	10	0.800000	5	3	0	2
S0078:	372	633	0.587678	8	10	0.800000	8	6	0	2
S0079:	433	654	0.662080	10	10	1.000000	7	6	1	0
S0080:	417	567	0.735450	10	10	1.000000	3	2	1	0
S0081:	413	558	0.740143	9	10	0.900000	2	0	1	1
S0082:	411	621	0.661836	9	10	0.900000	5	4	0	1
S0083:	376	525	0.716190	9	10	0.900000	3	2	1	0
S0084:	378	522	0.724138	10	10	1.000000	4	4	0	0
S0085:	467	639	0.730829	10	10	1.000000	5	5	0	0
S0086:	415	567	0.731922	10	10	1.000000	0	0	0	0
S0087:	398	549	0.724954	10	10	1.000000	4	4	0	0
S0088:	462	645	0.716279	10	10	1.000000	6	4	1	0
S0089:	446	588	0.758503	10	10	1.000000	1	1	0	0
S0090:	352	606	0.580858	9	10	0.900000	6	3	1	1
S0091:	479	591	0.810491	10	10	1.000000	3	3	0	0
S0092:	379	552	0.686594	9	10	0.900000	5	3	1	1
S0093:	430	642	0.669782	10	10	1.000000	7	6	1	0
S0094:	421	507	0.830375	10	10	1.000000	2	2	0	0
S0095:	411	663	0.619910	9	10	0.900000	6	5	0	1
S0096:	422	597	0.706868	9	10	0.900000	5	4	0	1
S0097:	320	552	0.579710	9	10	0.900000	5	4	0	1
S0098:	409	606	0.674917	10	10	1.000000	8	7	1	0
S0099:	407	519	0.784200	10	10	1.000000	1	1	0	0
Ave.:	40218	58692	0.685238	948	1000	0.948000	502	403	50	44 
