The test group: G_1 
sentenceID:/correctFrame/totalFrame/rate_frame/correctSign/groundtruth/rate_sign/distance/insert/delete/substitute
S0000:	0	279	0.000000	5	6	0.833333	14	11	1	1
S0001:	0	412	0.000000	4	6	0.666667	11	5	1	2
S0002:	0	333	0.000000	5	6	0.833333	14	9	1	1
S0003:	0	423	0.000000	3	7	0.428571	15	5	2	3
S0004:	0	258	0.000000	4	5	0.800000	5	3	2	0
S0005:	0	203	0.000000	1	4	0.250000	11	8	0	3
S0006:	0	234	0.000000	3	4	0.750000	9	6	2	0
S0007:	0	173	0.000000	1	3	0.333333	6	4	0	2
S0008:	0	219	0.000000	3	4	0.750000	4	2	2	0
S0009:	0	184	0.000000	1	3	0.333333	7	1	1	2
S0010:	0	256	0.000000	1	3	0.333333	6	2	1	2
S0011:	0	208	0.000000	2	3	0.666667	4	2	1	1
S0012:	0	223	0.000000	3	4	0.750000	11	10	0	1
S0013:	0	167	0.000000	2	3	0.666667	9	8	0	1
S0014:	0	225	0.000000	2	4	0.500000	6	4	0	2
S0015:	0	223	0.000000	3	4	0.750000	10	9	0	1
S0016:	0	256	0.000000	3	5	0.600000	8	6	0	2
S0017:	0	286	0.000000	2	5	0.400000	9	6	0	3
S0018:	0	305	0.000000	2	5	0.400000	13	10	0	3
S0019:	0	252	0.000000	2	4	0.500000	14	12	0	2
S0020:	0	299	0.000000	2	4	0.500000	10	8	0	2
S0021:	0	262	0.000000	4	4	1.000000	11	8	1	0
S0022:	0	322	0.000000	4	6	0.666667	13	10	1	2
S0023:	0	357	0.000000	6	6	1.000000	11	11	0	0
S0024:	0	435	0.000000	3	7	0.428571	23	15	1	4
S0025:	0	279	0.000000	2	4	0.500000	19	13	1	2
S0026:	0	290	0.000000	2	5	0.400000	9	6	1	2
S0027:	0	267	0.000000	3	4	0.750000	16	10	1	1
S0028:	0	209	0.000000	2	4	0.500000	5	2	1	2
S0029:	0	300	0.000000	1	4	0.250000	6	0	1	3
S0030:	0	298	0.000000	3	5	0.600000	9	7	0	2
S0031:	0	186	0.000000	1	2	0.500000	7	6	0	1
S0032:	0	352	0.000000	3	6	0.500000	9	6	0	3
S0033:	0	214	0.000000	2	3	0.666667	2	0	1	1
S0034:	0	236	0.000000	2	4	0.500000	4	1	3	0
S0035:	0	363	0.000000	5	6	0.833333	7	6	0	1
S0036:	0	343	0.000000	2	6	0.333333	11	7	0	4
S0037:	0	353	0.000000	3	7	0.428571	25	20	1	4
S0038:	0	323	0.000000	1	6	0.166667	15	10	0	5
S0039:	0	386	0.000000	2	6	0.333333	14	8	1	4
S0040:	0	275	0.000000	4	5	0.800000	7	4	1	1
S0041:	0	246	0.000000	2	4	0.500000	12	9	1	2
S0042:	0	334	0.000000	3	6	0.500000	15	7	1	3
S0043:	0	337	0.000000	4	6	0.666667	8	2	1	2
S0044:	0	292	0.000000	2	6	0.333333	11	4	1	4
S0045:	0	395	0.000000	1	6	0.166667	9	0	2	4
S0046:	0	326	0.000000	3	6	0.500000	8	4	1	3
S0047:	0	354	0.000000	1	6	0.166667	11	3	1	5
S0048:	0	181	0.000000	0	3	0.000000	10	7	0	3
S0049:	0	250	0.000000	2	4	0.500000	5	3	1	1
S0050:	0	323	0.000000	3	5	0.600000	4	2	1	1
S0051:	0	242	0.000000	3	4	0.750000	7	6	0	1
S0052:	0	199	0.000000	2	4	0.500000	4	1	1	2
S0053:	0	273	0.000000	3	4	0.750000	7	3	1	1
S0054:	0	412	0.000000	5	7	0.714286	8	6	0	2
S0055:	0	354	0.000000	3	6	0.500000	11	8	0	3
S0056:	0	356	0.000000	2	6	0.333333	16	11	1	4
S0057:	0	258	0.000000	2	4	0.500000	7	3	1	2
S0058:	0	244	0.000000	2	4	0.500000	4	1	2	1
S0059:	0	445	0.000000	3	7	0.428571	13	9	0	4
S0060:	0	243	0.000000	1	4	0.250000	14	11	0	3
S0061:	0	314	0.000000	4	6	0.666667	10	5	1	2
S0062:	0	360	0.000000	5	6	0.833333	9	7	1	1
S0063:	0	261	0.000000	2	4	0.500000	13	5	1	2
S0064:	0	364	0.000000	4	6	0.666667	10	8	0	2
S0065:	0	369	0.000000	4	6	0.666667	18	12	1	2
S0066:	0	223	0.000000	1	3	0.333333	13	9	1	2
S0067:	0	252	0.000000	3	4	0.750000	10	4	1	1
S0068:	0	541	0.000000	4	8	0.500000	11	7	0	4
S0069:	0	332	0.000000	3	6	0.500000	8	5	1	2
S0070:	0	291	0.000000	3	5	0.600000	11	8	1	2
S0071:	0	358	0.000000	3	5	0.600000	11	7	2	1
S0072:	0	435	0.000000	3	7	0.428571	13	4	1	4
S0073:	0	317	0.000000	2	5	0.400000	3	0	2	1
S0074:	0	300	0.000000	3	5	0.600000	9	7	1	1
S0075:	0	366	0.000000	2	4	0.500000	6	4	0	2
S0076:	0	531	0.000000	4	9	0.444444	13	5	1	5
S0077:	0	636	0.000000	3	10	0.300000	10	3	0	7
S0078:	0	330	0.000000	3	4	0.750000	12	6	1	1
S0079:	0	316	0.000000	3	5	0.600000	9	6	1	2
S0080:	0	443	0.000000	5	8	0.625000	15	7	3	1
S0081:	0	417	0.000000	6	7	0.857143	11	10	1	0
S0082:	0	466	0.000000	3	5	0.600000	9	4	1	2
S0083:	0	274	0.000000	4	5	0.800000	6	3	2	0
S0084:	0	320	0.000000	3	5	0.600000	20	17	1	2
S0085:	0	398	0.000000	3	5	0.600000	6	3	1	2
S0086:	0	411	0.000000	5	6	0.833333	8	3	1	1
S0087:	0	326	0.000000	3	5	0.600000	8	3	2	1
S0088:	0	338	0.000000	4	5	0.800000	12	10	1	1
S0089:	0	359	0.000000	3	6	0.500000	10	4	1	3
S0090:	0	359	0.000000	3	5	0.600000	18	12	1	2
S0091:	0	449	0.000000	5	7	0.714286	13	9	2	1
S0092:	0	467	0.000000	3	8	0.375000	20	14	1	5
S0093:	0	287	0.000000	2	4	0.500000	11	8	1	2
S0094:	0	399	0.000000	2	7	0.285714	14	9	0	5
S0095:	0	398	0.000000	1	5	0.200000	17	13	0	4
S0096:	0	247	0.000000	1	4	0.250000	6	3	0	3
S0097:	0	290	0.000000	2	4	0.500000	15	13	0	2
S0098:	0	360	0.000000	3	5	0.600000	6	2	1	2
S0099:	0	511	0.000000	6	8	0.750000	12	7	2	1
S0100:	0	263	0.000000	3	4	0.750000	13	7	1	1
S0101:	0	296	0.000000	5	5	1.000000	10	10	0	0
S0102:	0	353	0.000000	2	5	0.400000	13	10	0	3
S0103:	0	484	0.000000	4	6	0.666667	13	6	1	2
S0104:	0	381	0.000000	3	7	0.428571	10	5	1	4
S0105:	0	557	0.000000	4	9	0.444444	20	13	1	5
S0106:	0	428	0.000000	7	8	0.875000	12	7	1	1
S0107:	0	418	0.000000	5	6	0.833333	14	12	2	0
S0108:	0	554	0.000000	7	10	0.700000	20	13	1	3
S0109:	0	341	0.000000	3	5	0.600000	9	7	0	2
S0110:	0	557	0.000000	3	9	0.333333	15	9	0	6
S0111:	0	522	0.000000	6	8	0.750000	20	17	1	2
S0112:	0	298	0.000000	2	5	0.400000	14	11	0	3
S0113:	0	237	0.000000	3	4	0.750000	4	3	0	1
S0114:	0	262	0.000000	2	5	0.400000	10	7	0	3
S0115:	0	352	0.000000	4	7	0.571429	12	3	2	2
S0116:	0	243	0.000000	2	4	0.500000	12	6	1	2
S0117:	0	294	0.000000	2	5	0.400000	6	2	2	2
S0118:	0	567	0.000000	5	10	0.500000	22	17	0	5
S0119:	0	344	0.000000	6	7	0.857143	13	9	1	1
S0120:	0	501	0.000000	5	9	0.555556	11	7	0	4
S0121:	0	111	0.000000	1	2	0.500000	7	5	1	1
S0122:	0	117	0.000000	0	2	0.000000	9	7	0	2
S0123:	0	118	0.000000	0	2	0.000000	5	3	0	2
S0124:	0	107	0.000000	0	2	0.000000	7	5	0	2
S0125:	0	113	0.000000	1	2	0.500000	2	0	1	1
S0126:	0	170	0.000000	2	3	0.666667	2	1	0	1
S0127:	0	206	0.000000	2	4	0.500000	6	4	0	2
S0128:	0	197	0.000000	1	3	0.333333	4	2	0	2
S0129:	0	123	0.000000	0	2	0.000000	2	0	1	1
S0130:	0	143	0.000000	1	2	0.500000	4	3	0	1
S0131:	0	196	0.000000	2	4	0.500000	4	2	0	2
S0132:	0	205	0.000000	2	4	0.500000	9	4	1	2
S0133:	0	195	0.000000	1	4	0.250000	4	1	0	3
S0134:	0	110	0.000000	1	2	0.500000	11	7	1	1
S0135:	0	158	0.000000	2	3	0.666667	6	5	0	1
S0136:	0	227	0.000000	3	4	0.750000	10	7	1	1
S0137:	0	136	0.000000	2	3	0.666667	3	2	0	1
S0138:	0	232	0.000000	3	4	0.750000	10	9	0	1
S0139:	0	154	0.000000	1	2	0.500000	5	3	1	1
S0140:	0	195	0.000000	3	4	0.750000	11	6	1	1
S0141:	0	166	0.000000	2	3	0.666667	8	2	1	1
S0142:	0	253	0.000000	3	4	0.750000	5	4	0	1
S0143:	0	238	0.000000	3	4	0.750000	11	6	1	1
S0144:	0	162	0.000000	1	2	0.500000	7	2	1	1
S0145:	0	247	0.000000	3	4	0.750000	11	9	1	1
S0146:	0	266	0.000000	4	5	0.800000	11	7	1	1
S0147:	0	207	0.000000	3	4	0.750000	10	8	1	1
S0148:	0	119	0.000000	1	2	0.500000	5	2	1	1
S0149:	0	156	0.000000	1	2	0.500000	11	4	1	1
S0150:	0	123	0.000000	2	2	1.000000	2	0	1	0
S0151:	0	262	0.000000	3	5	0.600000	7	4	2	1
S0152:	0	224	0.000000	1	3	0.333333	10	8	0	2
S0153:	0	198	0.000000	3	3	1.000000	7	6	1	0
S0154:	0	136	0.000000	1	2	0.500000	9	8	0	1
S0155:	0	300	0.000000	4	6	0.666667	8	3	3	0
S0156:	0	293	0.000000	3	5	0.600000	7	5	0	2
S0157:	0	244	0.000000	4	4	1.000000	6	4	1	0
S0158:	0	243	0.000000	4	4	1.000000	13	9	1	0
S0159:	0	273	0.000000	4	5	0.800000	8	6	1	1
S0160:	0	282	0.000000	3	5	0.600000	9	5	2	1
S0161:	0	257	0.000000	3	5	0.600000	17	15	0	2
S0162:	0	216	0.000000	3	4	0.750000	3	1	1	1
S0163:	0	397	0.000000	4	7	0.571429	11	7	1	3
S0164:	0	175	0.000000	2	3	0.666667	4	2	1	1
S0165:	0	157	0.000000	1	3	0.333333	4	1	1	2
S0166:	0	170	0.000000	2	3	0.666667	11	9	1	1
S0167:	0	366	0.000000	1	6	0.166667	13	7	1	5
S0168:	0	221	0.000000	2	4	0.500000	4	1	2	1
S0169:	0	223	0.000000	2	4	0.500000	11	9	0	2
S0170:	0	341	0.000000	1	6	0.166667	26	21	0	5
S0171:	0	308	0.000000	2	5	0.400000	8	2	1	3
S0172:	0	284	0.000000	3	4	0.750000	10	8	1	1
S0173:	0	238	0.000000	3	4	0.750000	5	3	1	1
S0174:	0	223	0.000000	3	4	0.750000	10	7	1	1
S0175:	0	293	0.000000	2	5	0.400000	6	2	1	3
S0176:	0	278	0.000000	1	6	0.166667	16	11	0	5
S0177:	0	233	0.000000	2	5	0.400000	11	8	0	3
S0178:	0	209	0.000000	2	4	0.500000	8	6	0	2
S0179:	0	115	0.000000	0	2	0.000000	3	1	0	2
S0180:	0	113	0.000000	0	2	0.000000	4	2	0	2
S0181:	0	131	0.000000	1	2	0.500000	4	3	0	1
S0182:	0	137	0.000000	2	2	1.000000	5	1	1	0
S0183:	0	167	0.000000	1	2	0.500000	11	4	1	1
S0184:	0	211	0.000000	0	3	0.000000	8	5	0	3
S0185:	0	148	0.000000	1	3	0.333333	5	3	0	2
S0186:	0	160	0.000000	0	3	0.000000	9	6	0	3
S0187:	0	160	0.000000	0	3	0.000000	10	7	0	3
S0188:	0	174	0.000000	0	3	0.000000	5	2	0	3
S0189:	0	168	0.000000	1	3	0.333333	5	3	0	2
S0190:	0	179	0.000000	1	2	0.500000	10	9	0	1
S0191:	0	195	0.000000	1	2	0.500000	16	15	0	1
S0192:	0	142	0.000000	1	2	0.500000	10	9	0	1
S0193:	0	140	0.000000	1	2	0.500000	11	10	0	1
S0194:	0	180	0.000000	0	2	0.000000	8	6	0	2
S0195:	0	347	0.000000	4	5	0.800000	13	9	1	1
S0196:	0	386	0.000000	3	6	0.500000	8	5	0	3
S0197:	0	374	0.000000	3	5	0.600000	17	15	0	2
S0198:	0	413	0.000000	4	6	0.666667	14	9	1	2
S0199:	0	319	0.000000	3	6	0.500000	8	2	1	3
S0200:	0	217	0.000000	1	3	0.333333	4	2	0	2
S0201:	0	219	0.000000	2	4	0.500000	8	6	0	2
S0202:	0	357	0.000000	2	5	0.400000	9	6	0	3
S0203:	0	265	0.000000	5	5	1.000000	8	5	1	0
S0204:	0	219	0.000000	3	4	0.750000	4	2	1	1
S0205:	0	288	0.000000	2	5	0.400000	8	5	0	3
S0206:	0	173	0.000000	2	3	0.666667	4	3	0	1
S0207:	0	193	0.000000	2	3	0.666667	3	2	0	1
S0208:	0	453	0.000000	0	7	0.000000	10	3	0	7
Ave.:	0	59136	0.000000	531	973	0.545735	2018	1286	147	410 
