NUMBER	100 
926 989 365 245 626 863 35 894 114 240
585 349 868 64 181 274 405 398 442 70
824 208 751 263 123 840 249 625 659 300
767 665 419 102 579 70 480 567 294 813
997 973 0 483 328 378 880 894 950 76
227 622 149 418 268 268 183 214 694 354
919 63 273 381 550 152 599 3 206 132
641 373 872 886 180 630 26 880 554 158
105 166 601 420 678 316 155 235 879 62
268 231 76 283 55 959 833 244 557 701
763 52 284 48 34 498 194 640 752 86
805 901 435 219 286 738 829 304 894 616
104 793 903 239 77 12 338 825 841 173
469 373 925 29 900 605 671 883 130 651
219 832 505 702 846 576 52 945 189 498
922 753 627 7 395 807 734 390 153 284
153 621 719 610 169 654 499 801 28 830
857 394 23 408 430 878 943 157 9 818
259 359 574 248 416 902 289 625 596 938
878 88 46 652 728 152 376 698 609 0
188 341 422 826 406 192 113 85 918 640
759 548 467 103 951 790 964 531 733 7
31 460 22 535 911 60 432 888 301 106
642 645 65 164 951 389 84 263 495 106
566 513 923 883 346 299 716 234 258 367
376 814 534 666 290 734 506 839 732 239
212 97 366 847 886 104 328 495 116 346
792 463 363 762 210 792 753 152 746 249
145 589 151 807 130 782 836 230 809 387
489 187 149 632 520 532 253 657 745 421
12 611 350 710 905 253 534 562 337 640
186 51 335 688 402 70 435 291 584 787
485 575 784 300 215 625 157 622 468 269
838 842 486 531 78 24 600 715 87 843
141 499 464 873 933 62 937 383 828 740
732 439 131 54 602 129 107 412 685 826
691 149 886 500 377 450 899 362 267 182
34 28 674 432 664 672 550 781 969 65
488 756 835 904 792 856 427 135 183 610
971 796 656 630 333 498 152 902 299 701
112 293 983 983 692 48 247 289 411 111
743 115 979 585 650 313 447 499 236 95
638 375 250 840 958 641 532 783 195 597
594 828 624 468 711 786 354 677 705 812
498 841 728 545 166 289 773 149 180 814
567 665 498 179 442 497 881 696 522 89
426 960 849 634 632 818 734 129 296 731
76 943 190 962 929 595 406 945 462 903
290 112 124 534 529 536 604 886 925 452
561 648 2 479 626 330 641 515 215 70
633 480 152 793 680 411 127 679 1 241
930 66 534 92 923 794 496 976 906 731
977 897 510 880 152 343 310 125 680 40
93 497 385 3 405 462 578 752 514 424
661 771 310 511 312 367 943 827 522 540
602 60 3 678 693 679 426 781 102 953
473 262 815 565 890 567 33 190 996 208
356 651 638 478 490 651 929 428 358 116
475 133 448 817 805 491 924 14 625 646
671 638 244 601 326 398 358 766 393 108
959 384 803 913 549 477 259 134 7 983
89 765 823 682 388 66 786 450 545 248
797 652 852 946 896 411 511 572 509 606
590 381 467 99 676 969 562 792 246 816
912 300 970 511 828 780 684 419 45 830
101 340 841 110 110 729 92 532 841 489
293 918 78 545 374 765 872 925 48 760
51 456 237 688 767 756 942 899 316 915
504 442 817 147 216 843 96 544 783 900
768 454 405 777 34 770 845 901 972 214
282 945 466 399 436 978 909 51 586 547
225 219 951 898 936 111 11 808 778 784
331 882 965 307 262 396 523 334 727 194
453 19 765 61 569 492 650 228 650 746
737 341 574 219 359 258 385 822 664 475
509 766 915 82 26 36 649 348 938 583
382 342 495 950 500 974 762 165 535 260
905 618 166 16 827 726 575 28 398 84
965 453 189 114 258 147 631 955 670 298
628 10 296 12 45 147 278 680 440 917
132 599 558 216 246 646 839 860 132 470
618 601 67 11 660 380 426 939 439 269
383 649 68 642 329 76 631 680 547 762
991 342 166 516 659 410 833 917 395 772
286 493 947 245 13 142 270 256 398 21
706 701 811 193 718 798 400 885 751 879
535 887 710 90 391 930 554 920 522 798
193 55 970 368 33 4 443 300 490 324
689 98 998 7 406 650 90 73 88 669
50 649 987 602 716 678 744 767 250 296
184 764 150 478 921 253 32 84 447 929
45 987 958 308 984 843 429 728 637 281
885 125 530 744 983 293 37 447 709 168
839 364 74 839 896 26 975 651 992 745
118 676 311 262 865 93 522 169 932 477
410 375 895 514 800 797 909 531 92 653
120 863 834 446 554 711 383 633 953 966
572 291 2 341 418 783 884 14 162 313
949 133 640 839 127 623 255 470 970 76
256 672 803 982 654 825 909 886 597 791
