NUMBER	100 
1034 856 725 420 153 164 666 579 685 464
570 725 467 778 70 659 877 605 201 591
773 127 605 856 118 1004 70 981 527 204
160 570 35 303 196 787 710 412 925 886
226 189 728 525 886 462 891 605 499 630
605 691 778 250 32 864 864 827 462 579
702 981 993 630 856 886 864 856 129 895
473 350 925 248 496 123 525 553 70 70
127 728 195 691 591 685 938 70 248 708
1004 527 1034 1016 420 123 591 1016 123 702
527 773 659 580 70 725 250 496 891 666
499 196 250 579 881 630 691 993 35 527
467 404 163 226 871 895 70 635 525 412
871 728 375 350 891 163 725 329 329 129
871 708 160 591 773 499 708 891 164 877
591 837 19 630 581 496 267 267 204 204
728 891 640 655 164 710 725 350 499 473
891 778 553 329 441 195 710 139 871 1034
635 899 605 123 702 680 655 350 153 195
891 412 83 666 70 226 32 502 35 864
441 580 655 993 303 527 553 643 871 303
871 993 226 640 129 450 437 864 464 831
1004 420 1004 831 106 226 170 877 655 605
496 702 118 12 532 462 1016 127 702 35
420 655 35 451 682 404 420 886 412 267
46 153 153 702 160 201 553 467 450 163
420 441 708 441 573 499 925 412 925 404
680 129 778 139 655 118 682 778 871 195
630 267 201 127 938 532 106 46 871 553
412 412 1004 248 163 815 787 201 773 160
605 189 196 127 502 70 189 139 630 350
725 671 412 123 1004 451 32 437 164 708
70 350 899 573 685 827 659 139 708 450
778 725 682 170 815 815 404 46 160 1004
630 70 659 877 329 164 871 527 938 226
527 938 326 164 725 831 591 464 827 420
32 981 702 350 129 728 702 118 196 118
451 773 710 496 655 326 891 993 738 329
204 404 19 728 412 680 708 864 682 303
163 273 189 630 70 450 450 273 35 570
441 139 925 671 871 19 129 375 70 473
635 685 993 899 499 682 326 708 691 925
467 643 420 899 581 250 1016 467 671 553
525 420 655 738 591 827 441 643 877 605
728 502 581 570 441 640 827 326 451 83
19 925 787 570 201 827 886 773 451 329
938 778 139 19 630 680 579 123 895 35
375 467 659 708 573 160 163 462 573 856
412 204 864 815 502 886 32 856 273 303
32 640 532 579 682 738 527 1016 46 655
871 738 993 856 532 329 831 837 671 815
680 871 773 527 450 815 570 525 303 248
106 655 32 106 682 437 226 350 163 464
787 496 837 160 195 129 815 1004 127 579
326 129 680 778 195 886 499 303 412 815
938 925 591 591 837 655 164 630 778 738
163 412 123 139 499 580 496 827 153 815
462 682 580 581 773 412 981 864 83 895
450 412 725 881 680 201 118 226 160 106
591 891 886 412 773 899 1034 303 710 375
195 864 19 579 70 441 938 728 496 710
553 404 420 680 682 226 83 635 160 573
925 139 803 19 375 32 532 591 580 420
437 773 815 981 189 682 655 710 655 671
691 581 129 160 831 226 106 702 502 35
118 525 375 502 891 659 19 655 728 527
659 573 815 139 738 462 671 702 691 671
728 573 195 579 666 815 46 871 170 630
525 659 691 827 163 404 35 702 450 881
527 630 643 226 580 502 815 83 993 938
815 502 981 728 525 630 123 643 655 773
685 123 579 525 204 570 153 496 153 129
643 502 1016 12 451 250 591 728 129 635
605 250 787 640 153 886 170 19 831 1004
160 635 462 12 35 412 189 195 1034 881
685 803 856 70 864 502 441 473 163 1016
640 267 925 118 570 605 938 195 127 226
46 993 441 70 450 450 502 891 525 837
691 803 467 738 899 1004 1004 450 581 248
329 685 163 728 573 532 32 553 467 773
527 981 682 827 831 195 496 201 685 196
553 527 70 581 643 189 35 267 35 938
127 83 139 19 467 553 773 473 502 273
450 123 640 250 891 738 553 195 46 666
226 635 938 899 580 329 680 420 527 499
273 273 462 267 573 702 685 710 827 83
462 201 303 248 993 160 778 451 412 891
350 412 579 527 635 412 682 815 83 643
659 467 691 375 267 573 450 462 32 250
553 139 129 451 464 553 659 993 201 412
267 643 412 728 499 993 473 462 886 708
496 886 129 856 630 591 441 864 895 1034
837 691 437 570 1004 773 895 635 881 499
831 532 201 12 573 532 170 591 70 129
273 1004 464 326 404 127 248 248 153 350
856 46 573 129 831 496 267 273 702 189
451 83 691 106 630 573 725 655 925 273
680 591 725 267 19 938 46 787 570 1004
441 787 981 886 827 153 891 680 106 702
886 532 553 106 570 895 691 993 160 196
